99
30 100
30 32
30 6
30 8
30 21
30 87
30 99
30 66
30 87
30 13
30 90
30 11
30 80
30 66
30 13
30 24
30 95
30 53
30 57
30 76
30 68
30 1
30 75
30 79
30 10
30 64
30 82
30 61
30 48
30 85
30 47
30 7
30 34
30 42
30 61
30 7
30 29
30 11
30 90
30 14
30 74
30 8
30 10
30 23
30 94
30 91
30 94
30 67
30 34
30 24
30 9
30 70
30 60
30 70
30 31
30 21
30 49
30 4
30 75
30 27
30 77
30 31
30 50
30 23
30 50
30 1
30 86
30 48
30 67
30 80
30 19
30 20
30 74
30 99
30 23
30 95
30 98
30 26
30 90
30 35
30 6
30 76
30 65
30 79
30 95
30 37
30 11
30 48
30 54
30 67
30 20
30 68
30 89
30 2
30 66
30 49
30 75
30 1
30 83
