87
97 65
99 97
78 57
55 92
89 68
94 63
54 71
63 74
60 94
75 97
82 96
90 87
72 62
100 83
67 76
69 95
53 61
79 55
99 73
85 77
84 79
58 51
96 66
89 97
84 69
72 87
67 53
63 90
65 92
57 73
69 82
77 96
53 73
96 85
86 84
54 61
52 84
68 52
94 100
60 80
83 61
91 89
92 74
76 55
87 59
79 78
51 60
57 92
62 91
61 61
63 68
95 85
51 69
83 85
79 82
53 66
90 63
54 78
87 90
59 80
80 95
81 69
87 93
64 50
76 75
60 97
64 82
67 87
98 83
73 84
68 98
83 61
65 63
63 80
98 93
88 93
88 99
92 76
57 54
89 86
50 83
59 79
54 88
52 52
66 52
63 65
74 100
