95
66 53
98 71
73 53
55 91
57 95
59 53
56 67
71 70
66 66
62 65
83 92
88 89
65 67
99 92
96 100
61 77
91 55
52 61
72 76
59 86
100 60
92 94
100 93
55 83
98 88
93 100
71 67
55 63
64 100
75 63
53 75
52 75
64 75
84 55
96 85
67 86
76 69
56 63
89 55
95 61
60 70
78 63
85 70
71 77
79 87
92 86
91 58
69 59
85 73
59 53
92 75
82 86
90 59
100 77
86 72
86 53
67 92
86 64
59 72
81 100
69 72
88 63
86 64
60 64
84 57
98 91
78 77
70 99
82 92
54 92
56 54
65 73
69 89
73 95
71 69
70 85
87 51
97 60
67 54
77 64
63 83
90 69
60 86
73 83
53 69
56 76
83 83
62 83
56 80
59 93
97 63
86 54
78 91
80 78
55 77
