100
1 100
100 1
100 2
1 99
100 3
100 4
100 5
1 98
1 97
1 96
1 95
1 94
100 6
1 93
100 7
100 8
1 92
1 91
1 90
100 9
100 10
1 89
100 11
1 88
100 12
1 87
100 13
100 14
1 86
100 15
100 16
100 17
1 85
100 18
1 84
1 83
100 19
1 82
100 20
1 81
1 80
1 79
1 78
100 21
100 22
1 77
100 23
1 76
1 75
1 74
100 24
100 25
1 73
100 26
100 27
100 28
100 29
1 72
100 30
1 71
100 31
1 70
100 32
100 33
100 34
100 35
1 69
100 36
100 37
1 68
1 67
1 66
1 65
100 38
100 39
100 40
100 41
100 42
100 43
1 64
1 63
100 44
100 45
1 62
1 61
100 46
100 47
1 60
1 59
1 58
1 57
100 48
1 56
1 55
1 54
100 49
100 50
1 53
1 52
100 51
