1988
1121 1444
1436 1237
1396 1032
1490 1811
1214 1159
1234 1887
1662 1718
1248 1889
1904 1771
1929 1023
1791 1045
1538 1920
1833 1387
1545 1874
1805 1738
1611 1064
1882 1253
1785 1807
1423 1565
1377 1574
1416 1830
1968 1931
1700 1931
1547 1577
1252 1060
1851 1057
1300 1162
1599 1339
1610 1441
1020 1237
1170 1424
1387 1449
1831 1792
1824 1212
1497 1461
1374 1503
1140 1324
1969 1319
1832 1542
1668 1801
1173 1697
1908 1394
1502 1469
1660 1362
1530 1022
1104 1702
1277 1752
1106 1483
1400 1825
1454 1860
1429 1659
1793 1442
1829 1427
1012 1041
1351 1561
1242 1726
1783 1371
1772 1762
1634 1808
1629 1640
1721 1856
1747 1989
1955 1469
1347 1916
1912 1874
1593 1594
1905 1682
1523 1809
1826 1806
1466 1157
1138 1678
1188 1314
1750 1713
1001 1343
1165 1487
1234 1725
1972 1378
1305 1499
1805 1792
1749 1722
1760 1381
1755 1752
1024 1727
1133 1500
1164 1936
1714 1629
1477 1264
1466 1936
1053 1133
1900 1981
1829 1984
1396 1589
1769 1978
1180 1878
1355 1571
1420 1676
1649 1915
1909 1340
1668 1012
1475 1766
1845 1805
1012 1107
1103 1724
1868 1657
1986 1271
1358 1168
1069 1358
1146 1901
1270 1229
1295 1802
1742 1233
1133 1333
1071 1400
1869 1137
1892 1693
1689 1782
1095 1652
1991 1279
1336 1302
1113 1023
1798 1138
1084 1713
1269 1373
1129 1211
1896 1587
1183 1471
1978 1135
1823 1663
1280 1760
1327 1405
1324 1241
1267 1697
1985 1760
1121 1828
1652 1807
1127 1721
1685 1510
1413 1411
1916 1358
1688 1669
1240 1353
1205 1593
1608 1195
1150 1344
1010 1044
1308 1067
1083 1182
1855 1045
1069 1206
1754 1138
1757 1541
1221 1830
1614 1811
1776 1906
1372 1606
1311 1922
1479 1961
1142 1089
1112 1558
1000 1708
1140 1739
1517 1937
1086 1710
1271 1697
1230 1486
1670 1642
1436 1220
1145 1451
1311 1181
1333 1060
1198 1801
1178 1621
1576 1348
1223 1487
1487 1779
1492 1064
1949 1810
1965 1357
1594 1168
1731 1836
1004 1874
1500 1978
1430 1063
1150 1071
1241 1985
1964 1815
1397 1792
1210 1264
1526 1043
1200 1802
1371 1939
1604 1038
1143 1047
1446 1141
1281 1879
1825 1628
1292 1677
1123 1562
1320 1790
1913 1831
1720 1705
1137 1973
1918 1506
1053 1123
1128 1401
1928 1167
1819 1294
1448 1012
1983 1079
1375 1480
1954 1838
1618 1115
1366 1287
1285 1138
1068 1969
1864 1966
1613 1255
1802 1535
1696 1221
1715 1419
1114 1195
1931 1473
1103 1388
1761 1291
1497 1539
1024 1999
1276 1171
1269 1097
1475 1034
1831 1790
1271 1037
1747 1137
1604 1934
1436 1083
1886 1109
1129 1577
1042 1559
1539 1220
1906 1926
1998 1876
1901 1858
1152 1308
1206 1090
1694 1667
1073 1888
1055 1459
1894 1437
1052 1795
1512 1305
1541 1332
1296 1606
1394 1435
1377 1175
1208 1341
1442 1731
1087 1406
1376 1195
1924 1107
1375 1363
1770 1786
1124 1634
1677 1239
1113 1004
1490 1599
1916 1855
1855 1240
1926 1007
1874 1809
1485 1480
1648 1327
1994 1995
1739 1420
1591 1069
1371 1610
1135 1687
1282 1331
1180 1162
1414 1218
1259 1770
1354 1944
1333 1048
1534 1073
1260 1160
1766 1534
1592 1314
1463 1684
1085 1933
1347 1457
1248 1367
1327 1311
1482 1676
1797 1140
1645 1694
1799 1606
1111 1968
1319 1952
1705 1910
1186 1821
1968 1513
1216 1335
1711 1539
1753 1686
1900 1774
1787 1355
1028 1860
1506 1814
1986 1986
1287 1774
1328 1467
1264 1219
1638 1275
1620 1221
1792 1018
1093 1307
1382 1179
1251 1672
1421 1827
1850 1408
1576 1180
1286 1343
1987 1689
1102 1077
1369 1864
1448 1765
1307 1072
1142 1950
1478 1931
1060 1054
1638 1931
1326 1535
1263 1875
1949 1935
1938 1615
1222 1067
1076 1188
1325 1116
1822 1302
1551 1664
1196 1716
1089 1959
1905 1216
1280 1456
1495 1381
1416 1084
1280 1723
1291 1966
1087 1238
1897 1479
1483 1380
1879 1483
1350 1314
1604 1986
1306 1032
1202 1419
1499 1000
1085 1925
1145 1290
1870 1391
1488 1687
1331 1784
1556 1068
1652 1252
1624 1870
1855 1241
1562 1438
1871 1572
1573 1671
1972 1929
1855 1073
1267 1025
1338 1200
1072 1574
1581 1897
1368 1952
1773 1898
1850 1048
1184 1909
1003 1898
1691 1830
1100 1234
1103 1825
1014 1514
1993 1404
1915 1386
1042 1594
1125 1300
1150 1534
1766 1196
1962 1860
1519 1270
1391 1622
1183 1121
1071 1648
1309 1037
1501 1717
1676 1045
1102 1724
1555 1729
1570 1757
1036 1885
1117 1442
1183 1236
1236 1377
1306 1369
1700 1738
1741 1802
1485 1372
1077 1007
1292 1076
1016 1831
1620 1638
1457 1993
1012 1417
1632 1668
1179 1291
1860 1941
1556 1807
1095 1387
1479 1420
1541 1059
1162 1466
1404 1129
1307 1274
1411 1335
1957 1322
1139 1532
1124 1187
1489 1232
1234 1092
1451 1633
1534 1381
1801 1916
1902 1002
1209 1263
1351 1719
1922 1686
1863 1917
1329 1147
1441 1503
1367 1427
1054 1231
1534 1807
1133 1641
1853 1350
1848 1875
1881 1758
1195 1193
1340 1774
1897 1901
1964 1328
1523 1091
1176 1572
1015 1954
1447 1611
1475 1068
1574 1287
1196 1656
1859 1408
1018 1493
1121 1469
1213 1006
1947 1366
1869 1514
1187 1914
1474 1831
1991 1411
1177 1137
1200 1580
1897 1468
1432 1959
1102 1765
1967 1059
1280 1245
1271 1759
1388 1409
1690 1202
1839 1612
1257 1544
1371 1736
1321 1160
1853 1785
1546 1570
1012 1118
1131 1324
1437 1327
1127 1449
1252 1455
1917 1292
1106 1547
1782 1202
1963 1025
1420 1630
1624 1833
1310 1556
1203 1992
1674 1212
1952 1858
1064 1390
1628 1214
1046 1916
1057 1888
1737 1137
1639 1012
1080 1075
1785 1623
1452 1433
1108 1925
2000 1320
1172 1831
1364 1948
1565 1415
1475 1967
1569 1605
1427 1333
1273 1322
1062 1729
1402 1374
1363 1231
1408 1746
1376 1270
1305 1345
1910 1256
1593 1361
1700 1058
1041 1811
1483 1803
1806 1037
1664 1321
1988 1362
1683 1502
1071 1139
1833 1321
1807 1035
1782 1276
1827 1244
1183 1715
1909 1397
1223 1492
1357 1750
1261 1590
1616 1096
1088 1450
1733 1537
1515 1359
1413 1615
1995 1231
1014 1533
1123 1132
1136 1164
1060 1142
1416 1325
1930 1689
1443 1083
1957 1773
1358 1946
1101 1806
1995 1322
1112 1554
1894 1694
1473 1142
1797 1729
1196 1708
1158 1518
1115 1235
1346 1520
1683 1535
1111 1368
1913 1520
1066 1720
1655 1769
1424 1761
1389 1518
1198 1133
1122 1700
1606 1133
1772 1368
1760 1074
1253 1796
1724 1716
1453 1215
1199 1105
1305 1849
1970 1312
1935 1899
1263 1507
1365 1963
1649 1349
1570 1107
1576 1264
1059 1084
1490 1983
1904 1005
1068 1200
1467 1336
1680 1173
1261 1736
1667 1027
1183 1192
1243 1195
1770 1347
1024 1901
1438 1774
1045 1561
1977 1323
1072 1919
1409 1207
1699 1451
1956 1170
1679 1301
1682 1751
1983 1223
1431 1954
1973 1256
1962 1400
1035 1525
1955 1923
1513 1958
1201 1984
1233 1659
1323 1675
1983 1565
1867 1024
1733 1862
1488 1183
1246 1276
1034 1718
1600 1991
1508 1810
1895 1892
1095 1685
1564 1441
1589 1123
1712 1378
1125 1724
1232 1938
1607 1772
1881 1737
1226 1236
1338 1720
1967 1847
1955 1433
1295 1317
1098 1201
1728 1533
1426 1217
1378 1182
1013 1904
1750 1952
1487 1980
1294 1857
1776 1783
1181 1824
1576 1667
1093 1238
1444 1834
1564 1478
1697 1310
1147 1335
1806 1620
1331 1542
1952 1047
1553 1686
1697 1111
1372 1821
1706 1900
1089 1372
1898 1514
1598 1187
1578 1229
1064 1315
1724 1251
1390 1240
1721 1256
1440 1806
1016 1040
1808 1869
1364 1285
1654 1077
1878 1199
1290 1957
1639 1204
1353 1287
1252 1188
1193 1838
1022 1423
1928 1545
1119 1804
1261 1883
1110 1033
1419 1457
1909 1955
1918 1133
1956 1568
1796 1435
1008 1901
1952 1663
1188 1585
1400 1681
1702 1402
1692 1344
1178 1862
1217 1468
1427 1739
1719 1354
1298 1036
1194 1435
1603 1924
1867 1686
1370 1084
1677 1873
1721 1458
1901 1823
1553 1103
1164 1756
1850 1464
1712 1580
1186 1337
1901 1276
1100 1717
1735 1333
1308 1309
1505 1831
1399 1197
1127 1864
1954 1013
1483 1190
1616 1890
1107 1768
1849 1991
1358 1915
1961 1278
1097 1719
1302 1970
1364 1758
1610 1825
1309 1225
1806 1099
1511 1355
1982 1937
1261 1538
1476 1803
1183 1446
1828 1402
1178 1274
1086 1756
1642 1160
1393 1413
1497 1540
1348 1330
1247 1352
1504 1703
1475 1970
1479 1122
1619 1774
1724 1840
1753 1343
1951 1833
1454 1878
1364 1474
1388 1759
1897 1196
1071 1442
1853 1558
1404 1955
1603 1959
1804 1764
1133 1323
1985 1180
1989 1314
1808 1140
1368 1575
1373 1603
1667 1048
1728 1329
1260 1526
1517 1648
1763 1604
1657 1949
1508 1430
1695 1550
1923 1368
1740 1579
1466 1183
1460 1198
1523 1597
1693 1344
1626 1139
1282 1328
1066 1617
1774 1691
1604 1617
1646 1683
1475 1692
1428 1308
1418 1765
1053 1594
1662 1001
1045 1576
1226 1456
1903 1320
1955 1897
1037 1976
1638 1518
1018 1739
1939 1533
1414 1298
1214 1797
1675 1649
1055 1558
1684 1857
1758 1530
1450 1080
1921 1704
1901 1496
1611 1774
1572 1951
1435 1519
1939 1193
1587 1660
1880 1923
1172 1964
1858 1650
1510 1692
1805 1341
1726 1666
1680 1282
1859 1120
1727 1552
1924 1976
1800 1195
1532 1905
1875 1051
1899 1767
1070 1416
1261 1455
1688 1814
1206 1663
1651 1022
1750 1347
1026 1492
1570 1650
1627 1823
1817 1412
1582 1304
1935 1263
1886 1769
1521 1033
1355 1914
1824 1027
1714 1181
1641 1251
1063 1410
1342 1740
1984 1147
1716 1902
1412 1829
1044 1957
1326 1340
1062 1736
1517 1779
1924 1515
1541 1038
1769 1147
1732 1344
1538 1038
1655 1428
1296 1908
1584 1024
1688 1426
1567 1943
1986 1486
1241 1641
1316 1752
1778 1439
1138 1339
1857 1307
1352 1533
1665 1672
1207 1555
1982 1781
1840 1177
1734 1919
1500 1574
1479 1902
1355 1098
1173 1676
1847 1867
1889 1645
1243 1962
1192 1418
1632 1210
1594 1381
1118 1612
1275 1042
1259 1747
1931 1191
1797 1423
1869 1205
1318 1664
1643 1462
1852 1896
1402 1530
1513 1736
1928 1063
1749 1763
1438 1014
1485 1991
1306 1012
1112 1440
1532 1551
1356 1531
1975 1800
1477 1684
1799 1129
1203 1463
1355 1093
1866 1572
1259 1016
1860 1059
1763 1726
1859 1150
1997 1421
1462 1728
1869 1716
1194 1267
1099 1570
1729 1695
1341 1531
1914 1587
1882 1225
1466 1723
1377 1766
1808 1604
1803 1886
1126 1563
1312 1970
1541 1667
1238 1128
1441 1581
1197 1609
1607 1568
1043 1540
1872 1825
1053 1467
1048 1153
1767 1352
1440 1441
1840 1122
1317 1720
1154 1127
1491 1750
1605 1127
1537 1784
1392 1239
1223 1389
1457 1124
1283 1464
1706 1533
1423 1181
1708 1352
1268 1692
1529 1755
1074 1486
1938 1503
1337 1963
1770 1403
1071 1744
1264 1752
1265 1992
1273 1482
1008 1195
1799 1681
1736 1583
1771 1377
1038 1913
1468 1202
1834 1100
1804 1817
1823 1437
1217 1222
1466 1923
1656 1396
1357 1807
1409 1634
1702 1832
1102 1469
1650 1888
1723 1896
1166 1451
1171 1371
1327 1613
1745 1249
1031 1834
1662 1424
1483 1095
1507 1811
1073 1069
1762 1748
1503 1641
1700 1147
1766 1744
1154 1303
1918 1147
1147 1921
1444 1219
1011 1015
1690 1802
1746 1427
1584 1215
1250 1813
1906 1483
1556 1234
1704 1069
1083 1169
1711 1770
1935 1020
1596 1701
1110 1855
1008 1926
1822 1314
1194 1092
1657 1107
1664 1976
1213 1929
1684 1738
1984 1048
1451 1199
1978 1378
1891 2000
1370 1281
1933 1091
1890 1590
1621 1071
1664 1813
1911 1163
1864 1305
1478 1913
1256 1346
1603 1879
1282 1291
1194 1715
1029 1170
1090 1039
1099 1544
1891 1098
1930 1360
1115 1425
1149 1570
1686 1358
1815 1443
1325 1215
1919 1786
1414 1168
1898 1027
1821 1818
1937 1265
1820 1232
1534 1331
1533 1432
1353 1340
1572 1960
1638 1479
1641 1234
1211 1350
1009 1752
1662 1390
1530 1319
1437 1473
1575 1039
1165 1231
1804 1226
1537 1530
1439 1125
1421 1430
1086 1129
1318 1813
1497 1100
1688 1342
1469 1397
1883 1793
1683 1002
1268 1441
1679 1871
1567 1309
1265 1827
1241 1136
1100 1203
1588 1615
1698 1743
1825 1905
1278 1106
1313 1867
1713 1875
1174 1018
1692 1467
1222 1299
1270 1461
1988 1559
1118 1110
1840 1642
1614 1312
1793 1743
1201 1491
1934 1494
1713 1746
1809 1935
1633 1008
1063 1640
1652 1248
1616 1399
1911 1240
1365 1580
1247 1261
1787 1639
1137 1108
1277 1271
1188 1490
1106 1502
1448 1861
1755 1616
1471 1570
1967 1790
1486 1389
1903 1883
1663 1296
1742 1635
1609 1998
1267 1282
1424 1276
1406 1115
1332 1390
1751 1142
1771 1772
1933 1569
1144 1737
1292 1925
1773 1851
1544 1258
1942 1982
1124 1772
1637 1626
1358 1197
1891 1893
1369 1701
1970 1480
1930 1992
1525 1957
1516 1533
1114 1113
1560 1363
1160 1516
1037 1435
1647 1011
1123 1356
1518 1616
1452 1458
1877 1992
1451 1339
1641 1275
1845 1215
1981 1920
1579 1259
1988 1078
1406 1892
1559 1311
1208 1594
1576 1417
1800 1247
1947 1105
1289 1501
1617 1066
1973 1999
1514 1374
1802 1334
1775 1253
1777 1304
1815 1131
1448 1025
1059 1566
1407 1479
1020 1926
1941 1047
1726 1257
1789 1619
1350 1841
1669 1560
1164 1998
2000 1281
1902 1639
1680 1459
1454 1352
1795 1047
1675 1386
1446 1857
1339 1717
1450 1769
1494 1523
1338 1367
1179 1145
1263 1315
1623 1993
1091 1527
1155 1016
1453 1543
1644 1327
1565 1899
1425 1089
1825 1448
1148 1959
1639 1814
1061 1619
1237 1110
1456 1666
1213 1082
1206 1127
1177 1635
1775 1474
1410 1007
1130 1446
1665 1600
1953 1136
1220 1018
1154 1881
1419 1027
1926 1221
1889 1425
1501 1980
1136 1254
1367 1348
1148 1956
1815 1513
1290 1686
1942 1440
1880 1373
1509 1036
1703 1190
1649 1753
1028 1534
1730 1764
1811 1666
1022 1492
1207 1552
1099 1075
1861 1185
1480 1257
1136 1806
1037 1682
1708 1602
1370 1074
1343 1899
1354 1710
1593 1906
1264 1266
1192 1977
1802 1621
1453 1055
1625 1734
1125 1777
1814 1753
1955 1441
1288 1833
1133 1251
1791 1438
1819 1340
1418 1590
1432 1175
1876 1928
1105 1407
1128 1738
1657 1761
1209 1118
1840 1938
1574 1446
1094 1315
1225 1836
1992 1743
1750 1411
1187 1660
1446 1943
1276 1792
1739 1200
1376 1702
1746 1014
1940 1859
1227 1598
1800 1854
1464 1077
1275 1378
1742 1289
1792 1404
1436 1420
1968 1532
1203 1382
1020 1689
1132 1746
1515 1097
1662 1114
1965 1528
1452 1340
1736 1836
1380 1573
1864 1944
1015 1882
1246 1466
1581 1668
1721 1938
1340 1028
1421 1440
1787 1880
1348 1786
1925 1684
1180 1775
1235 1912
1753 1360
1783 1700
1005 1263
1665 1302
1927 1741
1870 1258
1896 1130
1436 1914
1049 1966
1206 1166
1272 1824
1978 1618
1326 1644
1899 1228
1727 1816
1835 1305
1489 1026
1009 1548
1338 1055
1144 1624
1220 1944
1773 1643
1767 1272
1494 1594
1437 1068
1914 1513
1672 1454
1390 1194
1368 1930
1243 1921
1288 1425
1139 1648
1831 1712
1373 1193
1882 1725
1126 1585
1250 1691
1101 1518
1043 1282
1877 1452
1666 1667
1598 1848
1366 1883
1127 1662
1021 1936
1943 1314
1203 1719
1037 1382
1649 1845
1878 1895
1132 1864
1547 1967
1187 1928
1524 1729
1821 1869
1449 1034
1277 1688
1936 1531
1186 1141
1946 1833
1188 1661
1402 1680
1834 1405
1429 1527
1404 1242
1411 1051
1892 1767
1176 1281
1664 1457
1448 1620
1395 1859
1856 1639
1005 1553
1836 1737
1595 1607
1496 1749
1104 1524
1710 1550
1271 1223
1708 1771
1715 1889
1297 1871
1601 1989
1461 1874
1959 1371
1358 1752
1638 1223
1073 1415
1138 1977
1173 1013
1625 1235
1916 1439
1605 1305
1834 1866
1331 1422
1346 1030
1279 1055
1773 1799
1719 1201
1542 1412
1684 1635
1093 1300
1670 1723
1543 1037
1607 1670
1965 1422
1272 1322
1689 1852
1776 1394
1149 1382
1834 1327
1438 1521
1158 1918
1911 1817
1542 1259
1996 1223
1938 1449
1996 1555
1605 1554
1891 1147
1902 1629
1099 1064
1058 1619
1265 1992
1195 1998
1776 1731
1177 1868
1145 1431
1669 1290
1345 1098
1452 1002
1544 1356
1728 1742
1311 1457
1358 1381
1147 1660
1165 1446
1970 1537
1403 1422
1202 1071
1881 1410
1228 1611
1129 1862
1995 1730
1888 1081
1762 1825
1323 1041
1816 1588
1574 1976
1252 1481
1103 1287
1220 1539
1815 1646
1420 1481
1776 1620
1158 1994
1922 1403
1973 1860
1031 1834
1903 1174
1137 1816
1622 1461
1016 1848
1503 1926
1068 1842
1053 1101
1921 1882
1067 1291
1013 1454
1015 1901
1775 1474
1456 1136
1685 1434
1879 1204
1639 1012
1831 1238
1072 1106
1179 1483
1034 1470
1356 1665
1102 1241
1157 1053
1379 1085
1757 1744
1638 1786
1101 1358
1675 1829
1821 1662
1874 1369
1698 1526
1908 1829
1048 1841
1968 1462
1452 1930
1672 1192
1349 1473
1305 1008
1165 1411
1038 1137
1563 1588
1229 1860
1355 1020
1020 1401
1632 1894
1348 1375
1995 1643
1191 1313
1787 1496
1285 1752
1737 1258
1354 1460
1736 1737
1744 1066
1802 1034
1227 1866
1043 1574
1942 1880
1682 1003
1798 1753
1354 1150
1829 1417
1525 1060
1862 1831
1153 1433
1584 1663
1357 1404
1103 1082
1360 1242
1318 1108
1404 1680
1718 1580
1674 1739
1677 1913
1412 1606
1929 1932
1999 1841
1555 1372
1369 1912
1399 1648
1855 1793
1693 1502
1552 1865
1073 1073
1150 1070
1586 1893
1754 1828
1650 1772
1660 1357
1762 1160
1522 1900
1740 1094
1365 1580
1654 1503
1495 1720
1111 1230
1063 1005
1227 1305
1020 1047
1236 1210
1045 1423
1141 1802
1974 1647
1837 1691
1853 1773
1057 1294
1848 1192
1079 1149
1528 1856
1737 1901
1957 1910
1025 1491
1821 1025
1407 1732
1689 1168
1157 1051
1634 1778
1270 1562
1391 1637
1364 1703
1395 1154
1757 1541
1250 1474
1568 1828
1042 1874
1838 1114
1648 1981
1910 1771
1593 1539
1832 1871
1532 1664
1390 1775
1137 1991
1195 1670
1173 1389
1047 1581
1661 1411
1447 1418
1196 1991
1090 1055
1000 1712
1119 1275
1444 1187
1724 1190
1727 1575
1446 1049
1250 1904
1752 1276
1913 1100
1103 1894
1624 1934
1747 1816
1253 1956
1786 1130
1518 1645
1612 1271
1289 1167
1297 1361
1592 1891
1716 1515
1057 1170
1102 1961
1047 1311
1840 1728
1053 1956
1099 1210
1833 1079
1363 1170
1766 1593
1295 1785
1733 1314
1386 1029
1323 1582
1391 1907
1485 1826
1206 1328
1716 1704
1749 1126
1075 1976
1749 1573
1361 1393
1185 1014
1586 1101
1868 1609
1275 1494
1477 1832
1539 1367
1321 1881
1257 1333
1740 1976
1979 1520
1337 1231
1667 1851
1673 1539
1480 1213
1556 1399
1174 1168
1529 1988
1080 1640
1595 1889
1122 1107
1897 1211
1855 1306
1095 1517
1042 1409
1645 1439
1418 1830
1047 1971
1128 1913
1483 1097
1578 1037
1941 1768
1459 1249
1071 1827
1213 1560
1853 1529
1928 1061
1748 1354
1658 1188
1782 1726
1782 1807
1365 1961
1332 1349
1258 1024
1422 1851
1205 1628
1125 1855
1650 1662
1210 1268
1330 1483
1646 1549
1619 1480
1533 1551
1495 1525
1042 1446
1077 1462
1011 1292
1293 1740
1863 1230
1060 1439
1234 1690
1277 1025
1799 1904
1009 1814
1701 1761
1273 1101
1429 1275
1371 1205
1496 1815
1982 1000
1344 1543
1244 1012
1005 1369
1161 1319
1310 1298
1587 1988
1067 1483
1244 1959
1208 1495
1871 1635
1186 1447
1503 1002
1476 1438
1837 1095
1615 1534
1955 1482
1867 1803
1771 1501
1822 1235
1666 1778
1448 1878
1363 1446
1691 1409
1316 1334
1508 1037
1893 1135
1114 1275
1402 1425
1746 1624
1723 1364
1535 1240
1792 1374
1991 1259
1552 1823
1695 1541
1138 1193
1391 1042
1721 1774
1984 1906
1590 1035
1284 1316
1454 1366
1902 1987
1746 1152
1197 1011
1111 1693
1011 1236
1207 1765
1275 1782
1730 1776
1165 1032
1731 1390
1404 1382
1663 1149
1767 1837
1962 1889
1663 1072
1120 1533
1171 1895
1443 1537
1329 1050
1678 1686
1994 1088
1588 1648
1580 1073
1151 1779
1880 1545
1786 1390
1515 1354
1017 1288
1564 1447
1872 1047
1174 1272
1585 1017
1510 1985
1352 1123
1494 1871
1924 1397
1587 1433
1501 1191
1391 1033
1449 1398
1800 1269
1161 1302
1165 1692
1624 1284
1218 1465
1553 1192
1683 1055
1265 1438
1601 1244
1008 1561
1309 1782
1838 1295
1276 1395
1565 1839
1588 1666
1506 1471
1534 1101
1577 1458
1630 1911
1997 1644
1331 1146
1250 1408
1874 1357
1005 1575
1052 1483
1546 1779
1416 1960
1311 1170
1714 1664
1928 1284
1527 1793
1978 1612
1527 1951
1495 1811
1476 1159
1733 1408
1983 1980
1452 1922
1949 1553
1593 1399
1492 1692
1818 1454
1025 1621
1107 1674
1860 1008
1303 1287
1646 1973
1793 1813
1083 1039
1273 1030
1936 1199
1151 1959
1353 1236
1320 1915
1044 1355
1839 1285
1211 1478
1698 1338
1259 1604
1710 1480
1322 1165
1625 1861
1116 1406
1357 1622
1678 1013
1260 1519
1820 1606
1738 1542
1494 1904
1553 1500
1908 1194
1356 1987
1535 1404
1538 1441
1432 1678
1016 1761
1409 1692
1596 1928
1719 1251
1131 1935
1977 1416
1076 1958
1004 1278
1294 1290
1773 1182
1917 1507
1965 1246
1718 1699
1904 1039
1295 1212
1257 1637
1078 1409
1224 1957
1285 1029
1487 1347
1647 1273
1054 1044
1326 1227
1091 1772
1635 1019
1151 1183
1581 1826
1658 1407
1038 1524
1723 1278
1892 1077
1950 1614
1741 1878
1602 1515
1060 1038
1347 1408
1291 1172
1286 1927
1422 1042
1478 1758
1789 1880
1008 1626
1218 1256
1945 1293
1347 1887
1112 1350
1062 1505
1220 1766
1089 1707
1669 1395
1048 1118
1621 1561
1458 1014
1932 1856
1990 1665
1750 1957
1789 1395
1745 1172
1639 1425
1046 1812
1226 1228
1564 1532
1870 1320
1692 1315
1031 1136
1706 1862
1011 1084
1729 1820
1186 1625
1836 1606
1744 1857
1389 1836
1801 1528
1476 1454
1467 1375
1940 1812
1037 1391
1500 1043
1384 1686
1957 1816
1642 1849
1139 1214
1931 1995
1535 1491
1002 1084
1261 1280
1578 1418
1322 1923
1359 1175
1719 1743
1836 1639
1408 1173
1516 1200
1856 1499
1681 1817
1700 1586
1581 1312
1867 1679
1492 1186
1206 1261
1604 1915
1382 1389
1412 1804
1705 1900
1434 1564
1436 1255
1725 1238
1290 1670
1982 1138
