1483
326315 427787
202271 194849
428184 318224
315049 477438
486597 392631
298330 190900
217557 284095
115147 406670
381769 347512
101577 357160
476136 234831
134864 176169
316707 440834
275661 406492
474858 328872
171046 172988
214621 165016
150377 268121
320473 390711
155760 468423
318878 134966
396901 495861
391418 357102
401417 431118
358879 487231
317900 215605
261940 148586
308376 218907
366269 137965
439156 253943
320912 362567
497991 144372
381283 473165
291792 399737
310397 171864
235599 226559
139856 270393
442019 128827
108340 121118
154100 229476
376613 449297
421045 437715
196710 465393
324065 395363
199556 193466
381953 211573
226443 183403
250590 206221
427206 136349
459204 131246
426057 406015
398806 179284
399936 397940
342865 219721
231013 319241
432556 205259
353503 461470
102318 355094
198600 479162
478053 456813
243175 100046
164929 215851
472295 481502
497371 181044
143374 274580
449297 292124
247644 206789
215121 274435
231254 493359
471306 357247
486162 106236
203261 354130
242511 120644
379770 402947
416522 349722
316586 385409
353949 123475
108493 138519
484954 412349
353080 462367
302050 294329
160121 313648
239840 369689
162099 457124
172192 288416
289125 494796
120507 245202
238934 119309
380895 472717
389294 145219
405699 152160
221660 123452
251684 453063
374513 168504
395579 361647
372589 278145
464829 222121
117525 174437
433569 191898
469745 366337
334723 236955
343140 245290
433990 140463
180236 442668
151034 450815
184161 463273
235333 482852
104206 402906
352278 237086
176170 164936
369913 307499
471603 102677
153385 215879
480397 325168
245636 385948
166127 261621
137587 412121
409644 425610
191801 258427
178220 103772
396603 172013
384858 353101
257783 480763
203679 202227
336448 417628
208266 328706
342156 324964
490842 465641
230698 451583
196579 153598
204286 125398
160642 162043
211786 131984
236689 470920
202975 269502
106328 436436
223821 225384
156583 196677
302035 189678
171020 200311
437843 243502
483667 130222
385795 341871
219045 294681
360715 233523
180798 239252
465113 219511
100454 144838
429303 364349
363142 486559
264675 319614
354465 362471
215830 138389
493147 423193
417723 376023
106861 109370
205399 207369
229796 316227
344472 223516
269897 431306
426646 485907
102460 421816
450816 157846
393472 448633
223998 109904
256029 122663
439933 358888
467592 375390
192307 447959
480156 201101
170169 154494
341494 476775
445833 109576
448424 300962
448781 365543
127062 152059
219394 204979
401369 382050
387807 256900
142287 251991
330686 120621
276772 202579
397854 244330
144012 233720
164987 411647
344964 399234
395237 302882
125893 161374
250020 466028
319622 131234
403809 453963
421583 371661
466070 188417
173241 251341
482551 431535
143569 263160
126005 104208
285671 318311
308321 252389
487683 168174
160705 311933
382322 308567
494722 142693
191828 131246
418167 430862
476474 411398
320862 199198
425177 438785
350912 404786
293722 498637
300529 497094
314536 201511
152082 425661
497555 388177
116492 139277
291577 222619
139009 245588
321534 209602
330929 226656
404269 140380
182570 123103
484363 161675
361203 479258
417891 334987
159935 226649
383684 275974
407443 361527
498722 213994
121433 436504
242464 402553
139795 278677
244752 417441
318930 159625
456313 160433
284995 451958
472506 232442
237603 172805
239627 261072
381968 106377
357801 129333
401486 168147
490883 263052
239875 436414
107022 379322
268057 237237
404451 302352
149644 183805
175514 215904
258810 285799
473679 161596
211024 331615
300278 372087
350449 321580
437295 154798
222276 241691
371176 279607
397334 101261
316272 405671
477177 386727
454869 381829
369788 425827
457595 398651
247371 475555
230454 265499
333256 214454
220874 340653
197313 327582
421566 124420
195290 152625
301148 221850
392943 484371
366343 341940
360159 382556
303600 168116
370974 373744
271971 460902
102880 315145
316353 381855
454132 368105
376452 371762
132456 160915
393106 348929
243098 362905
257568 303161
428785 475848
456273 355594
189902 151148
240331 368280
265139 296037
272096 425633
289017 414203
272715 181823
253529 325268
258100 179117
190324 241991
385972 386784
377647 428390
446912 259574
448547 337259
386440 283429
444478 435145
339746 476115
204622 475821
486366 308565
430450 483627
199937 485643
127361 198059
304421 372217
209758 249286
459277 227634
179695 204324
186002 166200
206231 269540
266481 450820
432660 361613
167047 470489
474145 186673
499782 237878
270018 233043
296779 435510
107619 485016
205789 203080
443380 133440
202924 420443
160667 278096
189412 354813
211429 410364
467651 472372
179053 154204
195077 487921
391128 282304
132656 391958
212239 368337
375252 168673
458835 320992
203835 210795
311015 367773
116146 361546
364217 347558
374054 345129
220211 200024
405395 224252
409593 431788
276605 291899
371062 242636
334685 237571
250221 438212
297366 419382
205930 430172
124070 281722
325946 115846
356048 148485
213125 164195
340738 319316
108972 392673
145486 272159
280716 411663
427443 420117
395478 174786
157265 448682
416489 446847
356011 146363
364594 141748
212480 173919
476294 137881
331962 294410
364745 454808
325674 177485
461288 453875
178976 331056
394869 299837
447493 294089
446289 488730
338307 499382
326707 447968
177260 209391
248485 314680
170104 301657
133029 328571
371383 336602
342405 460863
430732 430289
484216 303340
168185 100746
166600 150734
316661 454000
474353 230581
309692 135578
339276 126865
199681 299063
441294 327377
276390 237688
245869 411371
257842 463336
498169 459151
390583 251495
492961 208722
238804 469691
209607 398474
454064 249541
182861 270193
317750 225857
317074 401421
302554 235557
127301 238612
122877 110971
481344 272907
215212 430142
179860 428769
222055 257536
269711 401817
289914 223203
228172 201364
477332 368464
382979 352394
320455 152057
410401 461931
384478 262092
221005 493184
495170 227340
215043 394330
213040 248510
209068 200174
102565 299927
495242 217432
247705 321158
175057 274765
462029 218466
405037 116337
348514 464899
226561 275163
146047 264444
187052 133246
486915 176906
119922 271058
422147 226440
114348 130727
398183 406742
156614 439285
100351 308292
402106 337380
313573 376104
119206 117539
489181 194105
158292 242800
278301 277048
125251 457612
264455 348313
219305 355950
108401 275105
322320 416793
465810 236801
254061 214638
459200 200429
379249 451955
373199 124310
444254 318338
175661 228172
103261 172280
414285 400427
451344 345717
381242 293529
290342 327152
350405 102625
363167 139909
206277 438421
355481 489172
430189 117677
120898 318943
258544 313994
495444 454303
486389 184386
434028 394361
281892 144190
130308 413325
460706 232397
383258 147614
333864 436420
287739 412623
241313 320616
235099 108160
383911 378758
292839 371503
122860 287691
177458 408131
414763 472773
286035 462491
271403 491713
319144 497785
328916 283523
462183 476825
357593 219567
163400 351145
357574 357361
140195 117669
466183 452250
470373 343751
382833 245446
344496 482025
366008 325654
278431 152363
167525 412949
164027 430548
253332 120069
219087 476631
387637 306363
169148 138130
275070 180972
252482 498707
264610 476749
232071 413383
130473 136951
446044 387468
279918 266938
221647 322846
450456 157534
406172 106659
448051 373021
230189 490246
375267 400041
421187 239463
102382 460961
118079 278586
151372 360068
304583 109315
468370 349870
434308 308678
210959 158122
236295 168077
278678 146392
430109 275671
182472 342233
284383 200289
164003 382394
390509 369544
150374 194770
168637 388197
336645 445469
195293 112377
209752 212120
308567 283121
112032 448210
112915 432342
292573 185259
299072 225922
342902 332243
122710 111505
333594 219207
483247 359041
471727 228178
356687 498047
445138 425898
404471 206758
393552 299378
301723 344658
216294 490163
362708 313603
287561 341475
241674 316640
402253 322812
496169 307302
479649 390926
130367 472904
481772 436600
433469 303522
412872 446783
106296 392003
186908 112241
103133 332404
250054 294122
164195 484921
154469 449956
495894 439981
125811 179022
318809 434373
403911 134373
124144 481937
115486 189480
449969 342041
427978 316437
274970 392840
113601 225859
216260 290558
479991 203202
284497 266992
123121 418140
206646 424981
469950 253877
162467 218625
472688 156958
215665 315806
374882 244364
497344 480900
300661 130732
408427 126334
146986 273847
175380 345410
433605 373872
497134 135104
127881 190852
159153 185621
272766 364587
357202 235136
455508 224257
430099 332736
112353 127124
211318 151671
470928 411925
116120 469812
379926 264412
302309 197382
143690 198264
358036 486610
377574 125046
202630 302527
326492 446344
496459 202649
308676 379941
478711 195704
267082 393708
101943 411294
302834 365040
366760 441513
273920 288911
202449 138506
228595 295021
174883 399339
338412 495518
261391 238657
380567 184875
112168 302600
150040 188914
305086 457102
224398 276860
415055 440714
488089 439701
472737 484946
107523 119323
472258 427843
204745 386213
352378 277597
262364 157692
409057 430206
235498 414033
265564 342390
356665 140003
279500 226875
216959 447454
241018 292897
380746 332611
110377 374880
480626 488442
380806 446354
218037 445214
453320 479637
265327 343782
493661 302202
231726 355302
106228 393291
433786 394384
478947 132465
466285 493621
247273 282425
176147 328666
156699 308756
198720 231166
154783 198525
419830 433435
351169 147718
165499 116087
260046 436233
195094 330997
345437 384702
307124 184868
165752 291979
343086 240747
145381 352045
246064 252481
389392 202945
480345 271164
384354 131923
311131 156694
217772 289773
109209 398813
373769 141744
349772 228943
483203 426446
232740 484095
298246 162344
224271 386692
307590 143400
493565 284408
204169 196217
311432 298285
421862 486220
217385 365753
226288 481316
455886 151794
152301 277371
496956 215545
333706 309739
245092 165737
264872 483951
146460 196896
105590 276378
332234 208550
431558 279462
391942 231985
129024 320306
145339 456643
119991 295487
237480 220348
352422 336314
171782 496778
340247 109400
475153 363942
479123 321351
445424 322815
412362 458928
195461 295547
341088 369191
235026 315122
277882 395051
417638 335202
342464 112056
433320 482412
124785 103278
296390 460399
263265 130595
460740 355145
327163 428383
130619 445651
167077 364948
243495 472606
357113 398674
426389 446574
166092 447023
310452 478776
322314 264469
350689 372925
347189 158788
447409 276561
488191 393143
349490 419685
269879 238972
343884 379467
350890 304739
264225 283805
259946 234675
161236 232046
312403 499928
313903 131259
127273 131380
314632 120881
237043 239340
416506 161363
161170 231615
191311 319761
344343 270876
167148 376599
104030 398541
354103 211858
462834 183855
347858 203690
130867 375036
368765 274817
382564 385135
453731 423980
428692 106108
451028 246406
163062 343737
392376 120709
260578 327443
114283 369151
389234 424372
108571 437963
411627 302990
428117 369032
245748 124712
271783 199189
309124 339185
132149 470522
467735 346479
121172 212062
408444 154842
251020 407971
220788 495322
493138 233711
338823 479788
213942 418043
185289 341944
158604 117187
200657 274281
113951 290551
232722 361633
129654 283484
106996 131948
303163 244216
449130 206746
315902 429843
215665 364279
324167 199761
316238 362679
198617 250098
254413 199692
289140 142867
364267 477717
465838 472364
226444 497877
287433 445306
392360 379981
435181 218325
319431 355359
107468 282857
193912 228211
260179 105118
133147 478953
487151 326772
177042 127615
409338 245518
218756 115304
135309 376479
484290 387275
354493 185980
195784 252781
453652 204909
223093 263222
494864 343911
153892 225560
396590 335747
142991 480964
428249 225811
328105 360949
282146 222658
201700 483652
343272 128244
244858 173558
392400 215269
140936 147329
307779 450192
363748 469997
279461 493501
470966 335412
439109 423077
172388 471419
161493 416529
240565 184408
471879 240696
217274 229756
392294 215249
414364 283395
492637 354312
459799 360984
167551 280917
460619 455022
445242 267116
353948 439338
261000 302057
116379 114515
477873 195843
199192 339145
355792 152966
206270 487146
210513 324984
278572 375534
272103 409986
309164 310441
147239 132664
467629 279518
416114 416677
283260 447225
482658 480544
268819 367524
214562 485365
436877 266923
425033 239015
329883 459022
149763 198329
394696 466585
169096 369014
194889 304135
154256 249777
290072 143583
296275 486011
407570 493186
490434 257305
201290 187463
438134 206210
222640 294387
364691 206292
340333 113244
371488 104597
335342 316328
474493 466253
118063 467200
183623 486192
232420 236651
419001 285681
176954 138115
353479 125292
192242 363472
305477 331733
288053 356805
142192 392018
301631 216059
214474 407259
309697 284990
374868 185050
459241 250319
312233 446572
424403 168729
323565 190852
184097 104146
109867 238325
313306 119517
225594 182020
312203 455577
463423 404950
272775 151619
166010 217863
431393 149200
173350 109616
410062 100511
215306 219098
114458 457283
273155 381332
276910 255116
209452 355184
256939 226613
242881 493262
159552 281360
372057 411976
181747 239247
269708 169724
213860 384569
287694 184384
283455 148884
308630 322182
288406 439146
316318 357344
415827 393723
329513 464269
183382 327237
385113 208498
144612 392065
100866 335786
202585 349753
123164 483756
403733 110436
479041 242887
236081 270340
443274 144669
271961 111819
367764 443629
294142 467448
270127 310434
163065 201445
229461 246293
327201 254747
370406 304994
223802 143922
247110 349306
184685 136245
257811 269712
131395 255072
148512 198200
279917 367551
370228 486152
243361 215540
395331 452967
154900 237282
140251 469671
221790 144075
149988 424143
211451 199889
394941 237225
225693 197764
367684 162191
435198 334161
241151 421017
418366 464338
184692 470103
120695 128130
385793 485660
491395 247853
214151 213501
464481 282818
408975 320036
350362 202652
365732 141412
476427 223724
165015 294231
383244 161928
265966 398491
326774 411207
478266 485203
160506 371844
174713 309926
316131 288215
285485 470617
271932 287663
286075 409037
347075 213803
432274 397869
180423 125152
421400 275645
128338 296827
494330 224711
115774 490968
434931 160761
288276 450340
329085 421655
439561 258802
181626 480855
156149 308617
395298 189490
434802 109637
132809 443630
183727 371284
300053 131204
319075 119075
278931 231900
271033 165807
346972 230412
136182 116835
254323 405935
293625 242730
292738 368254
249697 182177
164658 164443
437742 193035
282493 189121
306025 401735
240506 176707
249247 469259
312486 214299
492343 267741
292443 412274
197385 332949
450564 183575
233960 341097
441885 472675
132828 185308
460262 335448
116372 131598
332201 352569
160516 398564
239692 310565
195691 342544
113922 358795
147680 451479
375386 377214
457470 342267
144561 264461
225353 435377
308082 359307
295281 192585
340901 483835
237418 257848
212429 279748
183645 222255
490595 495098
485433 281221
347294 384461
420632 298606
248882 107075
463800 294584
261156 316533
201374 293909
418839 210122
497673 114346
103541 475898
388915 277853
392000 257694
313687 466238
303628 480478
479010 187065
154755 307972
455497 281785
303284 396923
368488 392363
123739 372164
248384 350604
490067 492987
344036 205750
149802 493808
270743 387906
268569 276168
273555 258329
364035 456862
128891 373593
210223 169463
377125 406640
124275 350114
104560 475050
220198 126780
180675 381908
268948 259027
145762 205915
131524 261810
374743 125482
291651 382080
487726 415014
227316 388480
103704 347694
304330 417560
291549 259174
430446 392866
145989 203253
208731 231869
401001 397186
445425 125425
372647 263712
365270 287386
110152 293056
117966 112726
412396 132120
391635 313279
181625 207194
292999 249243
117032 482908
235029 487588
475544 299318
177040 172996
362301 258531
389106 100104
287922 439637
217008 242747
371132 155030
184099 278581
371815 159800
208333 407401
150055 335349
411827 369571
474992 142712
303182 185229
329430 165865
359061 219254
307885 426359
143456 412508
117196 231371
142735 441105
108790 130028
488890 330922
220924 108291
103242 181792
407674 428139
285845 407754
275419 379413
325733 149220
128720 388093
496344 373977
204075 121666
175739 441159
268141 359374
131637 476069
361576 269612
366214 263387
224169 331604
484422 331119
127045 346570
132316 168852
463670 387301
138315 104510
451105 345464
177239 227801
379546 240341
179048 283025
294379 470240
325960 482896
335285 155643
249374 124150
132416 301004
392775 294227
162744 335080
121245 405331
113889 172815
272332 449636
126457 314227
359304 409171
234289 349331
171091 253335
397143 468675
498782 381229
437724 335511
226568 211932
452354 418538
350373 256083
380172 113821
450444 341165
210736 181310
290203 309599
209742 201942
253853 466029
141311 235429
125061 327448
397422 203182
276842 449746
160127 120037
259016 394836
455810 481890
439507 282024
247900 277014
150380 442752
476311 302832
349455 300810
217933 224622
128587 450514
349000 456948
421966 133189
422448 192459
495311 189137
349428 403184
177456 160367
122545 407292
133681 148040
139726 177711
290784 290307
305343 285315
493124 329946
336984 402019
448597 177744
260980 342721
183404 403449
276914 284514
322816 368058
418707 100770
281177 146233
224537 442317
442814 428174
210092 488131
417377 479351
230083 426070
146474 491180
160596 142184
132621 403665
233577 215145
250923 175280
320891 297501
108821 401669
217750 244750
160538 282958
352877 118912
157638 116991
142108 313187
493718 365884
302001 152905
398313 377693
456356 196481
480667 282629
492358 375157
365186 215484
306264 100937
153251 433138
373661 249404
294285 120746
348366 409946
104610 427589
124794 247098
292827 401374
110744 368743
245433 243653
151927 354453
236931 354495
252273 460542
444723 298822
147774 318619
408249 346069
168903 355037
166547 146234
466693 286341
154143 494757
157466 319893
155571 430283
226608 210611
126782 463624
169465 291271
245098 222111
199813 361494
300337 498559
411288 125873
274220 343962
330926 182704
117438 400202
336074 233215
115240 100561
182811 379684
158302 151946
146497 415787
135043 264177
276325 377136
264058 278394
415771 409785
374111 498898
362079 428898
274251 403620
349017 418946
155923 474767
359177 160583
305840 455260
307871 386267
165552 263457
246656 173477
482610 349586
232701 270872
474677 106286
367122 163389
338992 117533
488685 302363
322121 394052
234097 361194
173379 267749
497100 158024
353494 378135
288727 253564
224729 462625
198632 200436
438530 335602
356811 140073
364179 201938
286356 110864
201358 443625
352522 137778
175338 128703
389123 325808
336349 371154
435864 373445
193908 457972
458778 104819
199857 107172
196469 352506
248777 474126
448440 230381
348597 313256
407591 310492
212068 244586
443578 180464
217851 230718
113756 334605
124586 344314
251507 200414
338659 290825
296425 264148
318229 260212
165687 372689
324478 253316
464269 375679
211788 362115
186268 374503
133084 334841
476656 213938
127826 153385
324061 429839
293663 171534
428093 307626
101644 205860
494206 118329
433962 209844
258390 497522
133372 138017
328997 431122
304568 499096
169120 490611
188275 360108
298410 292505
351304 363630
309247 158456
451666 162456
283597 266449
259160 165679
145105 141977
168407 248796
187792 360091
149790 169794
238406 113716
314675 327024
397269 271577
148799 481352
394027 295746
419705 393075
116403 273258
205654 248053
330951 376708
281205 492045
438192 473316
163099 281313
126594 469226
244041 405569
490434 398896
490436 457186
383305 468506
285130 155413
310612 357697
367653 306203
445471 204507
338431 451312
458027 371018
491121 328332
245415 425397
314640 139191
284692 274431
457366 129859
355836 454134
205768 174849
127462 116775
496733 152145
488693 187292
498691 273283
338328 396687
458327 115888
294253 437066
471914 421566
434721 186159
190984 483789
188270 314204
273207 218357
469190 403930
380370 478991
316013 315736
103604 164521
259986 442558
433889 280967
340420 450528
415985 476107
396721 272793
110226 144276
220286 442189
290120 268001
210632 148452
297083 461140
173218 393177
197912 320925
132315 280413
104717 319041
197288 287516
326721 121196
251092 131707
124687 484294
468429 143513
335639 125435
426454 197988
317189 444361
241879 198029
226348 182710
334707 285517
216355 283903
342940 409458
304603 266038
484742 388984
482714 386580
409659 404770
497965 205571
225432 177687
328642 342347
437681 269614
355427 164544
493512 444367
354939 177104
197595 330973
169156 376177
154725 166388
125630 140016
156351 320792
248080 464936
205309 331514
214716 369688
477274 251680
477293 109799
349635 276874
428507 394738
128118 106431
209131 427096
141407 468959
109429 242662
410311 216059
304483 433326
396327 422324
406934 166089
428673 145995
453233 472866
253590 182080
449645 223713
308206 140016
