5000
650974 618180
550959 519125
877492 898292
896277 800855
655205 686776
881029 831209
508506 712224
729493 544231
749899 968368
860133 649710
725453 892635
710961 887962
531493 863480
926854 635032
897017 975355
583720 575171
887061 504739
537142 714948
779906 880557
681140 726608
773115 897246
842185 585890
871442 696057
709772 802677
628366 504764
502925 741112
529166 907183
857770 623377
946565 696924
715718 774075
551364 689373
862743 591630
804399 936553
766123 990837
971015 557971
673464 704000
647541 968063
509628 559210
972398 586623
599175 753420
539972 546253
923371 655325
621737 866583
548478 923617
822992 500795
744909 721617
512231 972460
852022 540849
703138 965831
776533 951918
710645 754906
752214 795464
775920 768921
641286 589371
800116 841865
596243 867883
742079 505181
835309 876305
881715 864272
564084 772758
849476 888133
601019 550113
765916 732656
960768 906222
917958 846686
954362 904976
676213 577009
888974 503950
977276 945747
884060 615380
522717 895860
500743 904606
849006 937019
691031 758755
928898 519827
698303 729131
716034 525707
756914 919259
902994 694919
854952 535733
976572 928774
809041 862212
889021 558458
985445 592002
683785 836114
785640 964172
597453 765582
984335 625150
921424 549557
798837 995207
771240 615952
558777 900190
645011 614606
608474 836345
928597 615562
827618 576347
983361 828399
584151 973505
751805 851351
748934 751205
875531 809746
951694 690679
639326 748091
917605 837065
602363 511382
663679 758881
505592 547644
980602 982868
636414 933932
675742 922343
744649 860583
938443 701142
784789 609669
501639 709254
755563 837678
975553 679510
677539 733598
641244 813175
789996 826830
942639 653516
725546 512859
809647 740346
623762 606483
589202 608556
898862 538348
710311 869294
868127 572792
769587 845763
999271 880497
847658 543895
912152 984872
534224 865142
871109 812438
777621 898666
955601 992622
845903 613889
748416 612399
578347 909304
697904 652679
922767 797371
904864 673346
539290 548129
649107 510920
857823 882321
739403 899125
646135 766122
944699 706516
790189 755938
810309 959391
587568 923093
850274 902283
677060 846932
939569 768099
865293 681145
580572 873434
842952 930513
678057 712172
640824 987524
740290 904273
874699 899573
777101 736299
913291 652977
592821 786579
508858 668114
970048 556370
829155 894528
900117 696122
785491 528608
808285 548178
606878 905042
836333 926705
638375 633892
943919 823260
927834 504063
850328 627628
723923 787320
907595 880821
901851 903866
532918 782395
942056 993401
942725 804793
514449 964631
875311 844086
604368 986078
754155 728791
582937 686249
702587 928383
836319 712688
682241 715153
543005 971135
999966 831066
772259 687219
777300 508610
810761 936098
883847 615052
767157 703402
865907 881958
807560 848870
973180 992604
798047 873960
964760 871143
802185 931911
546059 555747
838077 946379
811170 842789
528079 844155
593772 533243
673205 625948
968187 947061
847815 796543
906838 726153
883289 852706
949794 846060
749343 695174
692043 886410
856097 766365
797688 797865
540595 718153
897673 734196
753021 563610
874946 802078
927736 938887
841377 850231
721858 508281
672422 925167
917009 737702
664410 579593
939077 749391
743211 988556
549444 848410
901435 977054
666635 692860
719429 861238
583126 538860
724022 590892
689693 910910
679739 777034
582842 707924
980074 670407
911891 709950
773248 764177
731896 854768
826276 706397
524796 868637
638716 794372
877178 992721
690030 503882
986395 513540
850136 585714
647641 625463
507047 623611
982403 786196
582919 627422
954713 618025
580544 979777
588898 559327
612691 916866
764606 528383
797854 895078
979751 819202
558452 524153
702825 909997
936834 780737
504627 640171
653768 855996
852940 893815
811468 612115
971843 589604
976554 557718
729766 688258
533647 896566
806925 663584
711692 837267
604521 803455
753542 911079
820232 582429
838861 825743
874076 654077
569616 961943
790823 787288
920108 750660
527336 944511
615716 665557
662100 586366
582693 997304
621434 544454
936292 783162
813134 830147
617963 851264
705790 657306
711087 642352
785237 627479
518061 760669
597631 942528
851999 958900
559063 651079
873857 924767
731879 895320
800284 870729
660431 567059
831934 779923
854431 741464
832901 974171
516271 558103
874856 996986
816637 588455
962277 979008
737040 604080
784219 755410
951999 512440
712522 516029
619235 931657
946686 834954
985370 824845
688619 870273
897924 827438
550178 711404
989014 901166
524713 829180
906629 603381
680632 911814
516911 941423
972702 888258
938247 532388
642534 510012
821784 569930
999878 833749
933942 614358
881373 689276
864153 616899
892648 568643
706159 885351
917347 990862
786331 753146
744019 508124
954927 577616
602660 841454
666342 541362
942343 646770
566818 713584
566582 854817
667676 760385
742390 605731
694573 781164
789419 869344
889874 589181
948210 844690
627371 888466
733233 559109
797925 642811
919729 647853
539186 606404
593863 673176
938587 590964
518700 897736
663754 597916
531995 985934
795650 764194
803178 751284
552823 729257
834278 851703
790948 882439
944683 794353
510049 858577
952790 583506
616626 667654
631242 697724
772972 746570
999465 530967
683398 512534
735045 701620
874987 844057
553350 851317
608010 837642
786938 878399
887866 878928
748646 594702
732055 731968
517594 571687
671806 714682
506283 602342
831685 640588
778422 578294
896988 522981
500281 634174
579608 685738
972280 528524
626425 768188
812382 987767
766593 510166
641855 860548
531856 761345
791401 676829
501554 831903
747471 584252
811916 899422
589251 974403
996625 630612
819559 965132
900762 658282
610039 621471
865441 812033
598710 943309
840976 848159
744136 955204
931860 621754
695233 662839
711713 670729
713102 855659
824537 794245
587173 915738
542339 879800
514523 794524
869938 884931
927447 740054
749157 813740
678906 756280
644714 779787
599521 614374
844934 895466
909453 720983
534619 549542
938057 778517
903063 688460
783567 635552
807444 981285
864796 674589
768396 814836
861878 863006
512266 891980
550226 556531
728403 716399
684243 815446
620664 662025
809613 650955
684006 964875
667200 760324
759394 878527
738634 901886
726159 624223
569849 680374
986929 786615
501035 649929
771562 582222
674315 917609
904760 663237
872937 764090
801932 603950
931188 812536
666324 517901
985374 735862
682933 675154
741281 965494
699165 777980
955087 620541
583939 661564
855289 664225
736675 619723
933002 751297
901567 648943
935625 639301
514391 719679
963382 815456
872857 999186
760899 928784
820010 617806
601159 963752
758022 532612
662981 749731
577072 576562
760917 587320
672396 572733
897657 624992
806836 770568
684288 952097
876142 640205
603927 932470
673981 845141
702876 661607
540792 739889
620179 631452
656713 577624
794745 543454
776302 708101
902685 965863
742002 651745
973396 665224
921587 787497
849185 956841
570629 667863
585806 869633
823301 659336
901705 910822
898773 894752
574938 671926
746465 625918
569271 632164
510943 705293
792647 734356
890420 834622
578929 851067
760390 937698
567724 507349
798565 675214
689314 898132
755777 876969
682231 809026
860724 848744
502573 836764
798317 668684
698456 905295
834913 892437
663947 844482
660594 540522
910768 985969
531102 844563
816419 547910
834177 929165
988996 796346
799111 575847
902972 648777
964799 524330
874630 902028
983346 599836
797903 830194
765675 529477
896005 727275
741465 907715
650833 541803
717399 753529
750893 934553
850576 853387
541169 857109
835953 877942
771300 866620
624342 619835
763512 649649
676569 928675
580689 864313
673544 900599
607000 824292
877356 773352
867319 502120
923095 738386
763417 586108
553604 572433
610781 879944
626422 908267
548485 571034
975656 503133
633789 707978
531083 653104
893125 650273
952682 831988
689818 852710
756867 980809
640767 682308
615838 998796
506353 954226
692589 837813
544752 572854
676002 909752
805523 808109
758239 759842
951327 898565
605834 981253
809747 660989
875169 778374
536340 975229
781301 520230
867088 943926
723246 647667
809836 712522
942657 802208
758865 533275
884821 509817
551447 619953
586437 904245
616479 529654
942675 508429
725942 843379
678380 789781
549576 525566
987742 970216
744250 775959
730287 968221
927287 541443
995576 545462
868369 677567
792101 526104
809582 991598
610768 994627
548989 918136
585203 619110
532498 735141
533200 730437
920837 736264
508576 871877
810626 705608
746842 584490
900322 826516
594011 729012
809490 622003
965368 863824
768433 867112
675105 747316
554235 590152
870543 967879
903265 990579
991244 648942
765018 862577
517209 690743
859209 678121
638755 707296
973558 696139
991507 538117
728955 702212
774401 749971
832189 566825
509182 511308
876967 969393
545572 869444
620576 876338
545746 862386
712239 886089
933601 560728
834591 913341
554862 660220
803134 622996
567965 661217
866023 884750
791457 597080
894464 596826
604321 532264
913186 865822
906242 896804
570439 905568
634142 642921
888611 638717
665724 659692
646747 971498
787514 873429
830259 861949
726311 504148
795238 982764
517677 783988
756135 690913
943704 757711
895170 753409
849003 713082
859999 669188
661402 578246
819970 847484
626988 753979
537551 697837
937724 960579
891073 685071
656979 798526
977136 802409
529325 884390
935881 589769
977900 552487
784131 692816
758654 707838
815617 676543
933991 659520
662923 949347
571526 896733
939213 606323
590546 752688
555563 891759
516640 898064
961381 806554
680947 961345
695333 555920
639363 779117
927800 619920
977275 730105
691661 791548
523957 906574
700832 514948
678812 611930
794858 884922
823040 574508
672970 685662
969769 842372
570814 852402
703847 579475
802042 589136
597497 892865
594374 670995
843551 757090
795577 991682
626761 527953
619078 936942
625358 896704
834304 608487
611007 938025
536233 920099
927518 769994
753078 503957
975057 530552
762214 951337
745232 620894
515465 813598
742037 821683
742092 803796
526160 729785
542219 865736
773323 707658
997469 617160
794640 617773
988446 889702
684442 749401
536511 909373
780377 945885
908823 887370
658550 555244
576013 777634
926138 618568
627096 684457
882649 834495
840640 649569
753298 958965
652725 788247
583357 857016
814072 538687
688205 959333
781663 880104
809226 853577
947098 677877
632808 659998
972653 674390
895193 883566
977382 768666
619607 899262
636167 785108
815351 712845
750058 637970
809105 588437
555086 927396
800439 953935
616249 929441
610149 781467
951175 552852
687898 507409
744515 560139
690782 611555
967167 903177
789291 822155
978415 817860
684280 593190
931405 977468
840636 923881
801180 975378
747688 830708
971684 780293
526677 693871
543609 803789
752522 681420
618060 731092
890138 576575
933954 795312
568038 820982
577516 645012
728736 671520
686740 510433
901757 576376
907950 913766
884666 990027
676373 789488
605878 743002
629031 901545
952177 626927
516980 529852
906451 972915
974001 651087
501413 830195
577939 632988
627903 653847
907069 991184
671180 863291
966840 795859
730625 508306
921918 845237
892248 880729
760242 847298
960115 617947
544462 774856
584612 745896
974573 863177
979510 599012
647851 617751
655429 685512
781464 791190
613400 684775
787067 852049
579334 629031
733977 831061
539950 681209
855546 966695
565894 588514
998017 769281
713422 575484
772214 992335
740355 731880
825136 895100
597430 853182
860515 613633
798119 653222
539054 508938
948754 954677
790543 754445
851914 966295
609504 757819
548310 826367
779187 671985
940393 785985
994999 890189
719360 545566
975676 540013
761203 950319
869131 707882
594082 652913
779574 956881
834543 632871
677639 526599
502806 859541
997191 961106
662453 839314
959060 906725
620939 812691
692128 902056
516929 831230
508254 748880
864071 592470
581452 714027
737744 575159
623615 804127
663899 785660
711954 906732
666580 854694
869763 672835
746810 630550
593363 649140
928048 924677
599656 713824
682988 542529
565660 940728
545100 638201
775951 851565
605199 639241
778457 504081
888830 629677
626440 560399
914619 532643
869062 564283
757158 879043
853565 975743
887942 506980
844393 898668
674988 777631
560770 899705
632020 539360
935136 983135
783356 816504
979700 649698
922993 929795
840651 897699
938163 547000
633761 810930
765928 845207
731535 866052
802307 617316
812686 562273
845500 767035
616951 563290
528973 596706
669982 879227
632347 804755
844035 584720
520410 922833
580795 724125
859300 638006
725133 630378
655448 643701
821814 886261
524555 916845
709437 679263
609327 536317
601200 711659
664053 925616
868857 866195
822487 571609
556873 852010
792765 998080
645987 735699
747074 802284
527900 988383
882580 501902
863024 949523
942950 951497
506773 502430
963620 841673
797043 613816
756894 535467
850884 710044
655781 727363
584286 500506
655646 631427
766063 504715
524539 921895
958266 784114
571668 671118
742030 866832
593066 977543
893385 639752
699518 964537
608199 810102
827978 539161
853416 642444
515491 831696
864820 659636
721614 889215
658642 871620
914090 917384
898886 878641
772382 717026
802128 631745
608813 797855
920724 659642
901700 732904
580013 978836
514606 935664
744037 840409
697675 772305
904492 776849
645869 929737
721173 673127
632813 561583
981062 544336
973535 568837
551821 655572
899265 640509
724986 960131
671955 501008
609121 703040
880066 633091
793053 588401
824851 538674
923944 675526
772919 652503
515670 550082
642355 625942
752878 845580
543217 882324
850087 673777
510223 900073
762595 676646
699541 720347
958627 814537
508923 571929
843912 890038
767244 740238
787995 503260
889669 740255
503984 973607
507647 886563
605851 750389
922791 734706
867308 716440
593702 607643
531300 939512
546320 708649
618338 914276
838961 911117
660303 826483
686459 928289
750339 915709
897782 799695
663482 609259
519942 895019
764452 715925
698525 960644
547385 686636
791313 885901
562306 801670
942306 758083
895888 587515
754335 840260
860849 513366
583686 790996
600305 664402
675069 785662
636324 636239
605552 853323
731267 782184
662135 618420
808964 942843
703533 708190
868175 801768
809899 739346
879167 661753
776673 997112
825046 788614
581622 663237
656429 571238
514000 902378
773721 868102
660389 642340
810412 537092
771217 901347
840697 994288
738906 751000
583501 900881
954391 984451
593380 848736
768051 682177
876385 728735
592920 727445
769453 991859
622026 665270
752930 886290
703502 779336
681974 530764
651454 848488
877399 678140
828513 990769
834768 972133
694371 660656
524259 562784
908445 852268
960521 792931
929480 869773
729944 705726
529004 844777
841205 522361
577638 589592
937121 706051
632365 756373
746650 716974
892532 871484
506458 521531
936567 962258
878100 727438
997460 528708
828997 963188
642699 636220
920344 572736
670467 755909
570174 815742
603265 607631
596176 921658
564281 787434
749445 543077
793383 662031
902446 813387
959443 773056
887553 899172
631526 510269
628886 516988
990132 732323
708767 742492
651025 594507
950937 666161
523573 554593
505462 804193
565679 849884
664817 660005
607644 515886
584212 884148
758452 987350
592044 710944
945087 589078
952245 668508
792325 691601
856910 510207
676294 964422
669763 917423
631640 610872
678980 755795
908015 997585
614859 615626
997162 851589
893150 951867
735229 634610
795835 563866
829400 665552
717861 945576
877587 885799
620147 893391
722730 529242
927960 679484
861115 501651
742687 955711
631098 656524
519255 669125
917639 603167
793610 848910
683165 651970
551194 738325
788532 834115
541828 518655
575135 978838
582623 886431
546115 983888
723767 894914
737491 683672
500936 951324
566257 668550
939206 756616
960208 777135
923274 864411
979206 848641
676178 961360
903040 946179
938691 830487
625858 595595
567230 994206
553108 523084
864527 587440
659885 907203
509633 964140
903551 614422
665500 781686
631396 872221
612110 898759
626989 883569
992854 845070
675640 783354
738966 807492
518066 931044
774062 570967
943945 783381
738542 971552
533988 885811
575694 592516
564007 752181
507934 899936
595389 789170
794924 956953
782678 904815
842185 705659
769023 551347
659168 627674
960072 834502
676036 779505
579217 620788
890692 706124
733085 919764
785878 817865
968458 562678
576191 558297
627299 553935
500328 979952
563089 705001
649352 624473
905428 678660
905838 725977
764585 609868
955487 559845
773595 802288
597419 922601
981361 824625
536388 601841
627038 656000
908609 887140
610354 759254
513546 785646
559668 624838
974607 667125
627980 776582
845630 679614
536935 506392
503697 978128
616624 527956
625578 692652
838406 551279
955563 520272
682951 684308
750201 870430
733302 522264
870214 982395
912830 836858
661102 867270
898936 651958
675167 953281
875564 796292
642158 550980
568520 858440
845215 872803
947095 908540
776066 917971
794495 973698
998313 532500
974693 958267
595719 748103
815400 828017
552140 582269
587845 655697
975560 758078
605322 825684
946647 938259
548201 605435
722087 730288
605004 744674
762812 858581
950514 605550
638065 935422
865412 549979
571561 677545
865377 746678
767770 984595
857919 845782
929333 957927
604749 510234
693428 769573
790024 775479
503867 657095
556441 794665
992640 635216
985182 596762
558142 724064
680846 817606
505091 966296
976017 519520
909490 512967
983859 839261
933175 745505
615483 573740
887213 686262
673203 957847
688109 640122
603312 942767
941620 908950
530863 861294
709140 896470
666167 846856
637706 809653
528474 762624
593711 723993
676493 628763
714324 655199
929614 829468
859807 774563
709651 694096
878815 513025
903435 871167
861416 513990
615276 733654
726442 834482
996152 686826
979270 647474
827430 940731
509816 517128
865722 589908
546158 618518
635245 511903
931220 550618
601556 588594
515594 889935
852504 695358
726392 718743
990682 845843
661777 737023
611904 672333
726406 885085
604528 621108
657213 925894
828297 737401
951014 833899
989605 716445
808863 927372
760843 764376
782166 561807
954065 540198
980622 757531
740562 896886
552089 886401
884871 916501
614104 944031
925105 505600
846607 630146
770973 785257
732561 804163
823937 826281
825025 764952
744836 762401
979323 951843
968618 559379
510065 876405
894477 726218
747651 861383
898760 903552
716440 789724
608376 903382
689237 702306
689933 913975
509690 980954
814646 878703
875172 597376
803913 731214
918739 966516
618909 644605
806074 990860
608083 669573
540014 907306
533108 915246
942212 793362
864401 763596
889339 900092
616804 679026
837309 569660
605029 523142
665025 812941
645876 999998
820575 515281
818143 759499
556234 760673
551172 830463
573364 586783
886176 746348
993502 835877
845991 692056
581753 757953
722233 843145
688991 592323
767456 502965
648689 582195
998739 775294
696062 944274
794602 786243
707381 791078
608526 755184
587991 771472
605946 632943
862787 692881
890266 548966
783520 738459
974545 581236
834588 627046
543085 955771
619578 611272
917396 561040
650071 863061
758217 733119
562829 529270
798868 851767
705504 915915
978624 605300
779501 940511
559766 886860
745952 722081
742742 924286
841254 861990
694867 903429
893500 581596
941293 676780
913182 560661
870611 610041
770891 814263
844834 625754
699857 937972
873572 815620
801782 878726
965602 952839
945824 862604
558077 786135
874931 510410
828955 783747
731023 979327
726829 680536
654534 786808
809462 523499
888354 649303
906342 657336
574709 556747
575979 730404
827341 850028
754170 504434
998837 523069
911425 569669
751596 792841
693048 614378
611275 856324
751342 739738
545638 831020
617275 743223
511514 782527
901669 810935
630361 531173
740707 823922
927148 720155
609664 977466
556519 523386
858512 524708
642077 989940
602933 622763
594321 647507
982086 940788
711004 503082
616545 560231
609956 958285
622286 988833
607990 607710
752337 968785
532814 733240
562995 818562
921789 683516
535218 951078
970953 808029
813039 982092
837870 663205
813691 824223
534285 889695
683982 510948
748124 831309
716902 582253
526935 736793
599805 718762
654111 945489
721640 585685
787864 959192
850008 758569
601352 749487
531596 732578
853342 624624
649005 932218
647227 804423
728166 663117
993725 505352
762066 608890
543885 946306
919093 745616
893143 617622
997899 925734
643294 603912
841219 807837
657710 677484
743182 653369
508457 589080
915248 846750
639432 734001
834690 510496
577139 988850
547225 762063
842486 640159
776923 503644
596321 545216
718247 599459
580627 765996
819484 649047
506356 559498
528256 945440
982680 776322
926581 789993
836161 533770
918801 535699
914954 596873
530223 564544
688183 866575
870043 768222
902681 948194
756474 758057
905453 702448
922567 905566
646946 560481
910140 965882
727716 900172
641159 917563
729845 636736
781132 584785
912545 717262
910127 946854
825785 775161
819368 584414
659005 596095
957295 834743
690980 582569
929530 695183
937214 867616
707510 740500
505102 816749
519316 688285
883120 558858
633399 566031
929006 715469
724813 647978
924422 610401
697853 856113
857944 634017
700151 980366
893853 930841
509589 937704
843284 559469
523774 731081
725763 921090
889911 551608
687337 810194
873714 662472
811038 531024
873383 734667
532711 523518
914203 571750
808844 863401
517128 880718
527377 811272
647978 685181
648351 957169
510812 644003
624616 828934
845032 997842
550792 528220
774718 729819
913542 572848
831566 510606
806137 827738
734639 786145
526854 755269
775610 978382
588739 661675
953000 827269
941533 527976
686419 922511
626544 847046
676119 878652
685121 696607
515012 673951
807598 680417
754512 573621
583871 972657
999743 793206
895618 836931
533558 710582
973347 662097
569899 933170
831649 651629
697359 751358
911517 877708
876100 866901
938002 794141
892337 573728
890882 781531
516361 947100
929554 780718
849707 775781
847237 768644
898535 655497
708354 836694
597229 953804
772877 832208
500194 839354
500726 965162
757882 630985
648035 916184
994008 771833
615764 851528
632635 970954
616250 942449
930327 784307
805491 758025
588745 916668
766010 926006
979740 648978
508421 572429
663375 832470
863339 980677
821490 739105
540853 505156
996549 765978
841696 739699
551730 922310
796345 833397
504387 920458
831863 544492
550489 544546
728100 599436
733325 510143
600407 626483
924755 969792
593578 832346
778463 864783
910489 576061
555818 750713
740119 829683
672440 630473
664412 857787
834462 865317
654111 503110
593198 953473
775527 938728
971677 771228
919673 858477
958132 749212
710072 574026
596502 523097
956180 704247
545468 702028
686909 577197
780939 738788
566147 590706
546422 731133
639749 644278
622211 808271
533970 696744
913712 712953
614448 994082
908621 664517
903924 958609
963070 517519
793675 808132
741031 845557
856256 938540
566776 936931
835825 906584
982396 970763
961405 813359
610008 522212
532395 589576
703934 906136
682786 964890
946210 866047
832020 515596
528246 686282
824290 519862
848583 783761
945172 658254
940415 924381
918782 543349
885412 591854
738119 951365
726691 895611
909406 687349
975610 781258
741914 961680
856996 539485
657216 912097
979957 773048
520842 773925
924971 534861
816731 748434
715934 686337
862606 869618
919298 677530
653515 853014
680252 568517
568705 737169
721849 940650
938935 792988
758621 892323
888204 624624
704498 996682
980504 589938
681661 503351
501912 852936
533137 740575
827048 868259
759882 648134
637660 778001
732718 559383
595995 760989
802693 679920
969021 735626
572205 828063
818685 698084
904027 756942
597786 754706
501278 999616
702495 661845
521328 980997
735511 873738
617682 985803
964747 911598
721267 588561
548592 960419
570044 569224
773242 737617
719707 946839
501866 945135
565266 996559
713646 731272
536621 925182
955955 629574
646980 692421
912709 865750
716924 627991
930960 727830
820939 574582
576085 784980
749808 926390
781098 928848
592619 978352
638204 766000
770879 784037
814476 885907
774339 955684
991681 709702
797044 521977
750791 602703
650076 637873
979428 905392
958711 561645
762990 717559
556812 877546
934308 597588
525357 664419
545579 870405
543173 847998
828016 914975
866140 929006
994348 685285
834899 914046
714818 906892
705003 979710
747136 647162
886264 758793
772740 776075
785224 596530
921269 908197
899314 655278
969330 654046
725638 759004
648367 777426
538671 603214
850760 796439
621517 679968
537788 644898
795954 774818
660670 793421
701701 870003
580413 527128
983390 557335
578230 515668
520096 732903
708894 943004
947399 633152
976916 923099
810239 768365
539236 827950
982698 691086
638630 660678
760742 897771
763462 657299
559163 935150
700329 889270
523549 810913
725127 610313
617654 740508
645421 804057
985297 915861
683941 569910
608552 952964
647909 858321
577852 514671
553821 594882
931454 683969
608380 682508
563470 568223
666479 843759
739623 695594
890424 625960
982924 928617
506551 879254
990548 672757
700470 523035
572319 787951
506700 967067
980053 999022
914131 949303
786630 681628
920818 649377
888276 949652
650838 660640
814194 559729
748384 827195
614411 952052
610732 661098
602487 695915
995168 571654
772346 711454
984122 544351
923560 649838
558866 979491
634988 575192
990622 937409
588521 916331
640224 799345
930245 585912
556983 559563
553424 589128
990169 761438
830154 776391
644288 838463
518448 787925
901393 998055
658142 506251
746526 827395
952782 893450
745988 596784
774701 623531
718039 988420
878451 938789
841789 944086
513187 772291
730351 675984
659916 919099
808575 525072
931714 621237
592100 678209
721288 529099
979440 586737
588454 720115
990683 649523
812055 571163
782807 604766
915798 786876
531745 908203
680450 953740
742344 850608
795327 640991
979800 904651
974471 881714
882877 919376
659256 563330
841327 910123
890328 717053
847990 636687
795824 532714
844356 796830
632594 508033
584314 600972
813762 549839
670893 582055
908236 861702
590338 578894
843276 568415
617464 573476
701622 690290
730109 899955
666990 527249
687445 581686
730057 792475
640280 500289
780097 533542
949752 570521
556400 663530
914198 636866
582747 592504
850485 946114
681758 727437
776398 981110
812868 761973
913203 622214
984178 822653
988518 832398
550112 576981
697477 546538
959387 958923
588958 718414
963544 832765
602139 755852
901989 596468
534152 681561
625201 714455
986882 547078
506572 597011
694290 810987
543211 685977
909504 681445
646638 574725
892318 542320
799366 953574
506770 776584
970849 919960
522938 903572
799452 547413
758450 679222
722859 986969
667316 895874
959103 722854
736549 844951
569090 609076
804182 634430
645510 858426
653044 542753
680244 900062
886475 507366
659310 588126
500624 723068
673621 824342
502982 893945
812793 689347
637044 851720
616044 687472
890221 547848
855034 739504
889181 878761
595029 700889
806072 687640
874225 572863
599098 945154
639618 947023
861176 661921
827149 842431
729995 733627
575090 785144
857416 926566
534206 988709
675590 647665
777081 597405
913742 588709
780393 853111
834347 965823
881938 871929
982671 850470
836272 616063
864551 516986
547662 776856
952678 662283
780197 709484
789104 849721
926837 749430
840055 931659
944184 877478
923378 868000
863761 813201
746219 970433
584667 705973
801384 763415
964184 816760
599148 931396
617930 674017
976557 995118
929093 679044
720062 653572
579644 564613
604827 555005
845056 689459
547004 826201
968175 972087
678281 668628
887461 732847
876300 676910
749122 758172
841409 859679
515584 791065
599773 900013
840806 948083
954371 820054
824747 674948
710270 900530
846781 849577
877951 973760
685367 819140
652214 729175
885495 914158
671625 956598
892782 839222
772423 942516
616865 795181
724016 500392
936763 664528
637555 776059
695659 866449
594903 704446
721640 881356
816456 662953
775267 537060
954167 931730
831903 775800
788995 799919
506031 897007
631981 589618
785233 966320
980631 745468
658960 955174
906283 868462
516024 547472
953377 626093
830764 930173
527160 860049
918515 555503
906667 683668
978921 884527
518545 855009
629838 645532
896453 640905
977621 990859
756666 814512
979004 886602
920032 755219
894537 734195
824521 549022
896332 921368
857435 650448
993193 968373
732562 944776
637494 885463
631472 684351
777680 746381
924260 999552
909231 508241
789591 833134
621016 755435
654086 739366
857956 633881
792018 542776
577809 838871
566263 672048
888353 627696
942219 543195
535039 583271
516864 760321
818997 869907
517367 857000
574742 977632
746760 675450
944543 841548
976407 559285
728736 803504
516748 906355
771230 666353
517087 509153
885790 941776
711272 890459
504652 912371
688806 553159
702003 766148
683715 786350
631854 941452
828541 760744
582291 961952
874153 953039
808757 910085
852839 897363
660803 519465
683997 894687
576745 512353
847041 957907
700901 926680
776162 990856
913054 915574
660908 525477
829661 729391
645815 816834
513558 599630
714576 749670
780239 764087
793785 751337
685593 688339
742763 892061
563438 911879
805587 685977
616968 744799
502251 983266
671311 634490
953889 504952
890673 880381
782350 720872
594247 628445
672695 930591
867909 629668
540353 835245
980286 957457
615397 686974
871985 712159
968083 542931
625019 809696
748681 598522
789238 980713
972458 882454
846250 522416
625586 578556
726556 993843
560463 859640
957672 792340
721188 981378
662966 950463
797938 798259
759782 696411
670173 885529
853418 943872
609087 806175
546038 616836
636563 843781
950897 823800
555021 974241
801051 565655
857255 981468
707583 872715
955588 951419
714270 807854
619555 810192
988410 917980
809105 589046
817282 917522
667209 646334
965572 543642
962619 830484
934300 823249
772050 604367
501565 697820
837311 750484
740608 938909
657821 501339
919577 792609
786056 622216
979707 836125
932346 965240
958962 993990
736235 736457
534847 703321
672175 526449
894142 525689
991014 921034
629701 628686
698568 589554
652443 681700
896651 920100
878188 975786
997280 616315
685001 763223
951459 826309
729198 608213
566326 684351
584213 523701
845072 620697
601193 911501
515042 528888
695116 554513
563310 520660
751608 970201
712163 868997
514594 785192
564279 837710
530358 910556
558740 780365
987866 690423
512236 504600
604820 747724
793606 837848
713269 755742
783217 626566
598868 506783
860763 696013
891095 940890
874849 982737
669858 779221
977771 533177
517899 628243
742270 672469
543109 550929
883951 694933
893553 719080
592023 757663
885606 775801
854067 573688
863351 826171
753392 735766
975233 908542
783151 577389
615522 672456
588009 736467
572142 780225
677060 507298
932288 970427
517680 979538
686323 984530
698500 731167
564837 876209
723940 928585
793315 978542
574980 610528
728098 546233
821278 599979
864393 748049
596332 948046
600491 790782
810982 993601
883226 976642
860520 744485
500054 917144
508812 986775
675327 726801
675204 688555
720406 620349
823579 830144
834254 838827
740145 994799
865868 579832
735010 614247
533308 514581
639484 505145
824473 542338
535538 518665
599928 755003
672929 574058
906381 919706
555046 952831
880358 901554
749889 883306
772326 896116
894992 785389
659189 600779
602038 724191
513505 876054
703674 948829
503269 563936
511795 694769
942403 518289
694890 950132
730344 824596
984016 924088
730049 732795
538225 762732
890381 608341
703171 791640
688072 775587
822081 934960
937028 504554
603658 736987
762709 546205
549190 975285
683534 615771
710975 711547
854317 686544
872635 710951
796432 896230
596049 904422
853733 683205
935595 961638
912602 671132
590696 954058
756267 923356
536787 790512
514274 828442
613568 702747
838514 872908
582757 634146
983381 684494
766677 802027
791191 958381
506852 580981
576196 788043
845148 577606
503313 619335
544707 999181
865635 711178
592525 656421
964236 875709
799997 666006
782701 524649
712447 539029
605924 716485
775674 847086
942243 723899
965100 774793
507373 854871
623924 900973
632212 551031
666052 618487
811395 980369
664794 983595
721300 616054
551880 611338
840320 638984
998163 979866
850749 714093
576886 634861
585280 688253
610912 734777
616355 902307
752525 635163
549073 680972
627254 845608
919434 707268
890474 559197
935715 822502
744930 588792
541134 848347
697160 505932
627399 570277
630595 915095
806259 910786
896730 527668
996679 510653
508615 925186
784570 800444
527142 648553
636854 740144
570343 929392
912725 516627
725784 770743
610712 527369
813256 667133
702675 510284
813999 797672
529772 654877
988228 670713
662463 682782
790742 591475
647968 960671
897145 802230
810125 703002
934070 654248
539056 699555
933566 926988
883347 548854
522557 586544
769435 691386
597747 906298
872325 706571
779746 749145
641353 975579
533435 966121
795320 914360
778242 509799
539404 541370
660929 731404
766307 908454
861211 797436
544846 581806
907727 725878
733929 532960
598971 663634
669722 608923
919101 979862
796344 512515
935983 812485
572169 566684
965813 559245
608979 725221
844425 740954
732697 971165
720944 557345
651992 739026
578529 807706
597357 884815
956404 578025
608806 694370
751158 666434
956939 842188
837436 907132
763227 627964
559355 994012
757626 590771
832936 560854
980031 659514
513524 914382
608903 517035
549789 644281
533726 619178
599534 970310
592126 984037
608935 621211
655832 549119
959742 710461
618970 561578
503803 863947
885259 723989
778881 988863
910407 863881
913482 818330
865256 594540
631091 949178
826073 607593
697860 650702
588114 958196
779344 588768
695249 526938
861076 900809
614361 538030
817513 708840
919624 724086
874116 943507
850937 724190
623349 825261
626760 953186
790192 522538
702139 555703
841558 650876
542754 657934
595052 582822
744889 877418
698523 848685
717497 532268
760545 854384
516826 639315
852945 834949
676496 779279
611373 894007
916486 647894
937658 746424
508531 606598
790707 573724
725534 817779
752652 539946
670720 617992
962478 960731
598502 753060
522820 763923
611547 672586
515125 545795
643412 514696
535497 649456
535216 796978
824471 535221
757291 923321
714313 955303
872933 773858
778951 999788
830372 835209
986124 624234
838753 682942
721628 808196
847160 981233
940236 565290
960551 982952
781185 541429
509195 931961
668707 849589
641316 826471
576428 582219
618571 610391
606249 534289
994959 807313
807883 901271
698278 640404
568459 956289
730402 612729
738480 573504
694989 867537
874528 791501
691262 964380
864851 666660
768094 639904
525400 803092
851716 912257
864939 746955
755417 796404
600640 790024
903244 759064
909902 758766
734903 530329
583136 559029
780171 913124
534561 912870
526883 784626
671025 772386
748681 734812
628401 574084
515889 596367
900996 807982
648506 838805
518668 835682
674022 904034
548131 879487
736928 579307
918276 630050
822454 997572
577759 979571
970949 738817
900262 559486
902690 653816
860850 551188
581814 566403
649168 604032
512581 910404
962095 931988
824505 786600
907690 751537
958724 763563
515728 578233
885770 716435
805745 971961
950491 974638
576013 597033
926727 885891
931293 670595
690842 601667
687573 631960
821815 594209
716478 999036
870065 742397
798813 574205
852250 761020
998939 894912
812785 560124
863345 670676
856436 855697
970674 886800
569983 805334
872866 788296
682633 886015
883749 974698
725122 688880
584817 590443
606062 549456
817422 934962
622148 920843
585839 770318
771067 886162
518445 579950
880477 539407
758363 575489
807676 535724
798550 892418
925624 566707
643006 936260
879175 827728
701141 732018
670695 832520
776068 932340
923917 883204
978043 825547
765994 785801
553153 668164
957054 721793
781381 817056
742010 869716
724793 672250
858900 894097
764011 524907
562047 893123
735074 875234
665587 730267
544060 541940
527640 538402
551822 601771
992580 742418
966061 768508
544626 951918
562462 915466
993727 773065
719918 738820
640187 879532
587196 766622
861165 655598
580953 648440
895542 562386
742302 642001
636882 861349
907766 732827
704436 795938
843473 551472
962548 540796
883327 622144
508204 552870
719284 909094
862916 570195
646219 837737
647423 836016
621369 816520
585365 789178
806992 995767
653045 938756
771869 902271
583968 640346
790198 869912
852820 510069
612386 838791
694463 967768
814244 582804
923902 657615
541394 508189
894503 708988
676246 765812
669504 542265
677342 928112
511103 546929
632416 829305
695107 672453
724448 742057
582868 666033
801037 862074
898998 637863
519380 817322
863037 684171
539662 689390
801911 616358
608711 674909
527951 627555
845455 739891
705682 850168
504673 709354
783539 812160
881166 768255
991233 968070
841730 677691
586741 842655
629258 651330
551652 595581
596848 554733
870794 562598
681808 585836
655504 506150
570064 980100
835208 628953
656571 940281
507123 720265
674992 830699
536636 501479
752474 601862
775627 761726
577989 937784
878206 862880
890523 504618
536127 885836
590321 543337
735032 618893
777878 649576
648481 950930
735361 563507
820031 529470
969874 543447
703695 697865
506293 546247
844008 877595
765195 550361
507177 537683
959019 696118
529513 665202
712602 753120
755661 746413
898355 669690
900044 985788
530961 741011
596979 773664
537568 832916
785143 856930
738500 946042
935019 873906
583443 525630
675467 557395
628278 632539
503741 517447
703490 773462
702706 688068
681779 763118
856896 646638
627468 634082
582863 865854
927375 835479
635864 508395
574153 742755
609205 922397
835080 998048
520090 672465
597442 569682
606122 861489
773136 620144
506172 556531
730651 978987
670915 893442
555649 815621
521015 847595
843445 668872
833169 782262
725913 737438
749884 822503
989975 936585
658760 744793
605446 862635
582323 997703
699775 925902
665471 845697
968388 867650
615571 792187
969210 793130
939443 919411
543366 640875
708330 827846
659198 509757
917884 647073
528933 603919
751469 637266
823145 617723
956689 928081
918162 703061
714212 685569
704793 574768
990241 991432
523415 798531
599057 561623
729202 820958
531242 718197
614935 714417
917541 952180
870553 680277
795000 909573
946215 991099
789534 600851
542203 879259
867846 659032
830158 917667
609848 906475
717752 783532
729736 850589
602102 620572
729072 557709
991047 865610
882594 979947
634165 665269
882133 881803
952102 822782
981758 656430
642624 895628
856626 922252
690471 995584
653064 642131
715356 676961
960362 673661
853619 592990
551379 893618
779094 658919
619953 688415
990787 602024
526162 868687
572530 600281
988795 818757
760209 840113
688680 842541
547831 887290
507689 905568
659036 675834
642843 730656
503468 607893
978081 539478
661078 757881
516724 803176
967992 603247
564803 990768
757888 899138
645829 825724
827131 833247
770835 646006
846211 567408
922523 901672
671569 597089
732843 725177
621137 555883
837604 836705
652869 996198
959589 791286
929941 862496
973594 952093
630840 643775
544152 882835
652271 951332
616932 687746
778809 637145
866926 700134
791270 534175
537794 935029
557616 539958
906033 878401
798251 783106
846620 692174
701863 659090
741197 765597
855435 638169
702209 963161
524721 851748
930969 863237
663785 624042
821868 855844
564427 762231
884616 710974
907645 748023
753621 586094
892670 832728
530423 584635
516807 807914
755869 969647
916168 880017
933190 693796
569971 880960
549084 822932
538625 643356
880002 601452
891518 628946
658465 697712
982651 672916
645696 660397
729290 542820
740553 768940
501539 730210
992536 807602
966308 869516
955033 660343
986416 506750
760845 745105
859216 727761
668747 765844
936546 661205
726254 675134
757185 551158
591404 862914
894658 925560
874054 744290
707104 913156
895673 942104
796864 540213
702695 575388
562581 500833
585499 533329
969242 727886
789255 937005
640603 755573
604386 679112
819203 660599
625576 650975
809839 728457
737161 943327
962715 825193
575402 851731
664262 531163
810480 803579
523038 539241
712280 699737
938140 862091
504087 535819
739471 654509
560307 721934
957993 737790
942435 568463
968680 626818
737252 952823
731812 896347
676197 504307
567309 596924
830080 524532
603390 816796
801733 793515
921836 590478
818890 911970
722925 524297
978893 805626
803822 602708
954401 957950
916444 576747
846073 578378
883296 506728
861091 948561
939391 535411
786649 774488
788530 756047
710575 809039
826991 958153
971350 514612
571926 773924
715458 725098
948582 782440
819164 840124
841694 943899
643307 627267
562416 923684
983342 525048
771892 859376
938414 850083
640539 761716
584798 915270
675903 597844
587333 568370
891022 911110
549716 598996
991745 911311
780435 512036
583882 855403
804451 603234
834762 828562
913030 879029
815059 997900
873114 975795
684302 957698
574699 902606
893305 520924
826527 554875
825369 818954
976542 891942
786448 550434
588902 898731
818791 648027
876712 763664
534587 832468
834878 950119
544109 938624
632192 588680
836971 522601
599829 913878
598714 725743
760044 522967
794335 883105
908918 574262
770402 730070
839018 946558
688786 886384
503010 652235
762850 991941
870624 628341
557430 574747
568793 991357
518384 603725
751457 646958
907780 530156
878783 556245
847050 630416
981303 603401
512407 638904
677199 846668
737167 578819
807614 710269
737772 776046
775291 766814
900641 652514
831873 656968
515710 851734
610845 539996
692375 914766
707207 909855
770033 696410
946515 827242
887496 908729
951980 787616
552624 660513
958200 859327
758529 847481
529837 848349
956474 792107
631805 720894
535950 873240
849550 893226
923173 797931
945600 673831
837444 608827
599143 991102
553495 958415
905735 839090
606986 732181
676170 608409
525758 978908
930936 908222
595362 674882
570916 798381
900165 648632
715776 754531
542665 874641
633051 883875
549788 720592
734133 834615
708319 708648
881485 664826
735491 982051
849007 890472
502112 848994
733639 897072
801411 794624
955142 754187
703269 829777
518083 760696
989353 843531
883595 739784
603453 655890
901263 928157
536272 859309
893886 757030
664713 588087
826129 504800
801022 865846
550442 721605
938935 583225
871161 718019
779957 856896
981613 783277
912138 822787
787157 916774
804889 558403
958261 761814
711952 791591
916247 752293
534249 620592
911677 927604
937038 586726
778557 525443
629949 838477
827723 709861
779593 539758
520893 768765
552610 991921
866826 550933
978943 721521
612370 840580
905638 578112
900533 500629
841878 537805
815773 553395
878489 980286
852919 592764
613658 963399
550352 965839
676045 566468
603894 971621
634149 591472
640452 564761
574367 919801
773858 618019
780148 727232
964880 713476
610577 894670
961899 661484
595446 878635
671871 938148
733974 912665
500027 550143
903107 769040
903933 922766
940270 980134
842552 867832
756912 908563
905005 547868
938517 831013
911331 878026
606422 960592
870520 649475
631455 566566
838243 909862
910277 984956
954166 656761
932344 933152
864070 754584
605980 765837
631134 909315
876120 600215
641496 643671
561405 869143
956216 582613
715739 968600
672659 889613
746521 606470
856592 840568
979752 764948
546772 629225
963548 983892
735715 510858
928910 954259
524693 778116
590531 655303
778806 650653
547020 815458
883819 773884
822175 808932
543617 828842
670905 789655
667553 873545
584953 775388
664675 655507
519185 897131
684620 856484
645607 742944
794695 561489
629662 607931
743297 674214
557113 899476
979537 654586
815782 878972
969339 934825
569367 868211
664146 522076
812138 633607
957753 627740
513791 759170
646699 813589
872754 656271
993303 897976
718796 648890
723185 651470
997056 987039
900912 692445
975985 981750
600682 766472
743732 943010
943336 954747
768185 963345
805932 574994
582735 982712
731352 564522
759153 724782
541396 640079
956305 976208
843794 500757
559721 903864
531290 773622
677445 669227
683072 604929
752738 592811
730843 849764
703604 510534
739938 632612
646236 857681
846084 972237
610690 853216
595195 579415
631333 899350
895250 841520
735759 523420
574513 932243
695737 970408
997840 802014
504449 970362
548502 592181
675532 748655
686061 542437
772656 802381
531224 815758
780976 805165
934786 661923
839486 565294
766673 922250
710982 936077
957874 875611
932933 696662
897305 824638
863101 865116
717682 831913
800999 929524
843345 739132
514361 521298
951515 727565
583890 943586
665131 521665
958920 702846
828377 562393
565128 809871
747198 650975
706699 749081
656200 911523
743902 800507
645932 738163
629540 660339
595216 806982
746859 525711
764892 955360
585250 797109
528552 601156
933610 575872
561865 903697
615791 675316
557542 946813
913714 949356
701531 969449
582037 649429
607729 712790
902007 917615
732776 735368
652863 627125
580268 688606
568753 760787
691716 502973
856441 880139
927109 735811
787330 690216
852270 780841
719149 659992
563360 586634
534208 518308
654662 756922
593634 737684
783300 530395
613172 674291
795803 570669
523003 990131
711286 900032
878538 681655
576759 758578
830988 749472
939581 797308
645585 845331
571255 921860
641304 704038
632193 662141
878978 782420
908946 990849
771978 693173
663164 545899
726366 679976
954814 507476
740999 971555
527943 861325
905592 543364
800874 794400
767393 841640
700471 650535
968224 716135
919078 775487
652992 913821
535224 546212
769187 878426
883797 962453
854598 650109
940974 595851
904748 856454
648450 606739
506739 567513
712282 849938
516592 913790
800671 604975
743808 764238
702013 989993
558104 754518
522887 636700
535514 611525
839398 526270
627123 911938
635247 950788
980213 881920
801292 733842
758320 940991
554085 638608
741836 535151
662993 763044
536507 569132
935070 975791
942310 965348
796095 616910
730714 678637
895046 530160
743084 850781
725130 872153
885853 900320
510638 530321
914473 562916
709668 501171
674238 602164
752741 913251
719105 818827
790848 716431
590188 888640
970323 598033
875840 868059
643720 666243
631694 829663
678255 612291
855809 911593
615651 650077
661310 725750
971129 640059
706308 614301
507495 820223
824608 911134
934542 689017
938147 909848
525755 561508
955226 807822
690830 793519
818723 524531
777169 517102
612852 527763
942198 703472
592221 640306
682253 822376
900289 709936
946847 559792
621119 817084
891731 795538
679447 584852
701415 872468
507139 702019
920189 516067
620502 689756
531462 544254
734054 998203
708616 901882
727865 834316
520681 760763
574730 874962
783578 879866
597317 630831
961463 581652
515545 759612
881313 700670
857677 775735
858627 974740
588007 689698
917906 658937
819583 979816
965486 758739
930688 992973
797769 826111
809806 989504
518237 967810
599345 526999
642055 581882
761056 860105
666412 957007
806987 823113
993929 754384
541075 863078
914528 658347
666277 523793
563378 841266
880363 650134
530880 669675
977621 769790
549076 528839
864264 671030
800506 541413
625079 920538
512016 891612
879916 989268
640083 807408
863742 610287
694549 713511
927859 977648
853142 773698
513723 839719
625740 722550
528577 596086
811343 853485
727667 779346
653973 675120
770832 643630
927667 598548
845572 918866
746155 673856
557123 915363
747429 845029
652708 888574
806945 852120
742063 663203
665782 825745
858161 546691
856417 614693
803612 934514
778489 598676
960668 926319
565196 902474
568763 723287
542401 807187
512336 878168
704487 770662
596724 897513
572463 678657
582210 892427
503609 914072
992602 547317
687288 857272
705787 646254
795726 926020
831211 546438
937056 963157
926101 955845
638036 807886
542953 917308
756021 504569
750257 994400
801879 798101
804807 788843
796821 553077
687500 670988
819691 554391
619538 681087
742092 862308
884657 979302
726497 769515
535253 550956
979575 907840
525150 797920
927546 514669
743054 943735
669735 838609
560306 756028
961796 983562
642724 815921
852616 798785
891080 682917
983753 868399
992376 531770
573529 997325
541621 742539
538379 683948
970691 713582
722500 620500
926317 829905
622346 819679
899719 889308
758341 962730
709263 784891
899637 811815
770070 654930
867176 981864
974658 500341
647610 852017
916024 622035
982838 818985
695244 681374
965565 560517
936323 601736
546610 519651
680414 714013
972628 591502
733763 754805
607393 600693
535396 827800
990414 760790
968020 580320
648286 999939
517651 949379
965827 519503
848563 828087
732696 613209
895472 546140
899320 558495
767413 882215
915644 998246
909345 771752
762808 633577
548066 833374
752105 763804
732170 650638
940144 814322
803748 754363
761169 879351
981081 985276
761903 868158
592225 856171
658826 818101
613808 622246
938169 728914
612662 791503
851976 758878
768766 699969
560458 716750
924797 541435
896635 716717
734086 769192
507290 983487
528900 544467
861570 736737
805231 746839
980399 940849
829564 627842
741156 744490
680103 571058
840736 815755
549705 588993
516547 844112
547362 945373
558010 789162
702866 663708
662428 761869
592402 814963
757729 922838
650927 529697
658277 512558
932417 824127
939203 644488
868728 519596
578688 804335
507627 850064
531134 937351
832732 983568
674056 978589
922070 708091
895891 843553
754241 541283
801493 581328
985839 927682
966720 657226
541531 805082
510392 655568
911554 729306
564698 656816
762144 942662
808331 884501
777542 941822
994099 536332
785099 761416
903677 961577
708051 862446
912220 725264
889301 678872
655767 787926
875920 841487
737147 931341
737879 816043
625671 850327
589594 645402
765477 645862
905555 786660
936055 756750
654546 779088
918153 530223
658884 763345
564333 922987
762679 779975
763370 869639
918711 990593
538000 551205
931596 706801
787044 859952
573400 589549
682658 707688
974355 683785
922177 638929
544762 939164
669633 676934
513620 548868
838588 776746
634952 624532
849672 561239
856959 504877
977682 851780
539839 869417
774694 616690
618424 947689
972238 573413
988431 976526
991238 645536
632334 830847
534895 973405
904016 547766
730864 904401
533328 906691
589525 921458
747226 729478
660257 690776
834178 601908
942712 515591
736949 585129
778086 861198
998326 606082
937143 893851
991447 789931
822213 821023
714281 876681
926404 555761
593747 634168
974931 640963
923543 649698
804073 673012
872259 894044
725774 537639
786811 581623
559420 995085
908472 812564
604452 682202
854047 778235
853309 887579
597978 681541
847479 963103
828140 537425
810468 900966
722537 516469
779194 795633
951519 552370
779408 984641
978899 945264
901545 756176
821172 931334
848345 540460
650226 873814
529590 622900
788464 902288
831886 959678
795340 611350
765580 573425
974062 616179
679181 553169
815336 512755
681493 870349
698069 558554
532126 880132
786538 750158
627093 879307
710903 974182
873900 715082
577209 590798
947958 920734
510724 792673
583067 853741
990077 968623
924532 856819
727302 555760
680177 871332
605969 521654
956469 554980
727358 993220
768275 871137
769449 874635
579844 688997
569612 620464
828200 517523
701360 607636
715756 734870
608691 807300
916107 719051
820365 618928
643358 928202
654289 802601
666696 628093
765310 837853
996672 813675
683912 610774
731246 500099
977770 622788
719773 969480
546630 897903
628507 884017
970302 937727
960571 875439
824600 751159
702781 913295
663692 604284
890117 553015
838882 930145
555865 769472
941635 891821
818245 999692
745460 905832
655392 636119
662226 520139
987892 900085
854874 794985
661672 986169
652013 778151
781634 620503
639974 693164
963485 679714
870163 756359
835829 920298
880945 614668
534509 813276
927492 501672
744994 616359
916982 861979
781135 740774
802570 547458
716527 563298
681044 737986
749327 529371
933814 918412
679847 611447
624441 869837
558464 829435
875121 582679
761335 714454
659480 613915
805490 981425
921496 794491
665324 623017
561181 778960
989115 826720
777083 642942
907962 871811
709989 561696
690816 693350
509999 869821
853642 758556
829536 779251
546141 747430
884255 522659
538065 528627
658056 923047
593968 901323
640001 926330
521792 811313
927291 692644
964052 828454
833303 865396
736729 538777
744870 593899
941767 823100
612145 601091
703056 509021
882848 826478
912152 828624
884691 651155
602113 824534
667706 503473
832610 826783
779345 563759
581945 784864
988081 963867
557321 570344
910759 869020
576992 798483
611139 738031
517782 569894
713716 681630
554955 816170
891254 812582
579832 951995
922111 601698
785204 540360
635772 901017
514616 903044
965847 556569
579147 808158
836817 529727
913421 586673
528127 960593
995411 624281
915950 739257
904346 753417
528500 554930
953727 987620
742504 883023
767698 739551
650709 794927
807701 519787
608597 615035
602723 643431
593189 575057
697855 636399
853075 612821
904239 866774
648243 711145
700886 939829
895473 557168
652520 586326
976886 803302
682468 663940
679657 659479
620315 503610
517229 626006
940902 930246
690840 856892
980339 954087
801765 938481
736797 599331
597264 861659
739101 900480
829435 692218
586696 544472
992718 870191
813728 730916
827118 761051
866158 780198
501131 875778
724938 569420
636318 715410
627427 877111
531900 629048
965485 974791
710055 635372
647496 932063
981398 868787
751748 765000
602485 994464
781767 817576
987890 588581
643965 968482
910317 971211
906752 520807
625710 819666
567780 516945
875555 615283
879331 526881
784259 836234
680329 749939
891542 823180
561613 689156
775546 712203
951206 893261
553286 572423
981777 952798
793160 600589
888773 515124
621425 989826
595788 818872
869168 837951
747689 594614
673089 904474
531795 548241
782962 522243
585523 645038
656809 597329
541957 719333
753737 883981
607248 888706
536157 868071
641794 529103
914365 932745
532238 808093
761614 510298
683854 539856
556585 923453
887629 584900
932621 980981
803984 910894
954697 900057
898998 770892
931444 822185
603815 710361
683992 536608
626662 674146
642054 875959
592947 913720
544253 718917
977024 598697
589947 971691
600646 716747
952204 546590
651311 522089
961424 825661
588018 890269
949969 630910
916918 837916
943602 555862
647557 949313
534456 977780
895907 634477
549669 597196
646454 788357
939162 770036
754511 580383
800155 507411
670676 657149
976677 847284
712397 693693
508149 551864
869521 767357
934313 665826
768684 759395
539724 890621
875022 926230
738020 559556
995696 509797
693194 630367
901398 829271
534620 920252
934716 614061
594659 887356
828378 707795
642946 971494
553275 893492
838635 813919
754931 865275
752333 700351
742446 900860
526386 607555
833002 883360
977552 674138
944643 704276
524827 651436
994996 551887
798608 574303
696128 643696
666296 709407
619372 562094
815761 999991
521237 709570
878643 642328
867176 559051
999436 997143
559036 960455
705329 972197
747122 698447
928159 763409
773553 806648
686027 544982
646191 583941
571115 995959
677908 727119
898263 516181
851921 915229
822157 537062
764152 608686
913637 638875
977926 966885
624741 839728
594900 851623
816834 809060
922496 779279
749866 872419
689969 889654
960066 916868
806914 677716
981045 919036
805463 770013
912007 572608
537967 581650
838357 614968
796065 985975
944904 981389
785399 718176
983881 713335
860065 685001
976805 912749
889026 551920
635360 719167
801216 689698
644800 512092
744524 808576
960372 880631
899835 642815
687021 963741
999796 787963
519189 870681
646252 741348
844536 907982
610264 989043
751856 906340
950949 690858
558849 529430
773768 509950
847455 853028
601825 807279
527580 520015
721362 853356
919308 577464
767462 892347
817241 856971
782781 756604
837676 694615
672668 601430
995654 731251
594354 541524
531595 693138
852665 983139
794104 885814
783491 509232
645388 581709
721456 953869
633157 931974
637430 633700
591784 918423
552372 734748
800966 958478
968443 563425
532859 645698
753267 619228
603135 705546
682132 844124
869240 708229
532139 826152
574219 840343
784493 818124
608911 616833
602365 961239
797601 747495
687585 541213
923992 782957
678651 951228
874893 951108
680268 852175
592207 585637
949641 638883
616885 699427
781602 964781
749304 597215
832429 742872
623283 971358
654363 958504
648153 974970
994606 642795
569441 603097
954390 631518
585128 626864
878300 974071
908978 954321
839048 643869
757157 675597
691427 767050
695789 674872
947292 679456
563219 538191
578838 643839
852593 557094
536406 909203
798356 817730
893215 580011
725865 844129
806161 624546
645966 843108
710275 606731
950437 621225
802013 962672
540803 959744
538959 624116
726574 541333
667484 988018
863639 936470
562749 608607
918120 950470
568501 524665
656588 897595
581610 920113
842530 733716
875372 741406
720399 723883
750026 886940
882791 589102
711247 794022
525987 651958
711924 720144
746391 726958
509399 723800
843469 669915
726823 730542
778265 960070
677840 539392
762561 566685
855403 847522
934623 779280
864680 959349
758458 726904
847928 577977
581797 820705
696471 558343
860637 741734
698784 823954
671642 925186
871149 852532
973771 979661
976740 799263
576707 795571
895869 967650
512985 999689
740396 756688
675426 501719
993462 635254
802306 914055
844589 719315
825762 536898
837905 932288
817517 882421
508331 998234
548475 788871
592529 636194
572287 633823
653924 710146
786249 507912
523131 781064
864209 699140
889544 695242
904068 956448
513809 839688
919568 845051
904961 923361
693210 828082
878483 614991
909961 946395
919406 669233
734300 747523
706004 750356
882169 837163
668202 896964
964288 738727
615404 629252
937678 871575
949703 830273
927648 820976
694866 987298
631403 606650
886871 630136
710078 809715
737442 789626
550626 961510
659294 770237
644792 606895
599281 661411
559454 541036
699351 573781
535899 520213
760470 959705
938476 642778
844138 753700
706114 638843
929376 670955
686675 971963
656194 710396
806561 819831
879337 975736
533913 611068
618169 603809
776243 721443
890088 871284
586542 668043
716364 664094
891217 529526
818927 923422
612029 991650
951749 560486
813555 607657
586165 562265
569120 542644
605203 824349
891141 810368
773332 541511
719600 699621
645353 549966
516214 960606
738565 676811
798528 954737
662578 634744
505768 546347
675193 692896
700445 518693
592545 863975
908226 938533
648564 857647
787931 601679
970170 623786
694044 541192
869676 798940
983388 532554
713035 726921
751974 642931
779760 669115
821543 592710
840570 778823
875118 659067
921499 952777
580809 502224
640706 782080
758957 556987
931057 564385
649118 815804
961654 857029
887517 611735
897312 610606
780155 641594
976719 785331
891113 609817
686218 751235
786626 994736
922676 928141
711941 938263
586533 603398
727542 974859
663284 761525
909702 733560
885312 672123
918709 678842
662255 763620
780529 926185
830925 698229
784554 588723
502589 967514
868455 724344
821907 551421
683039 586548
635435 555593
886519 895027
949339 730150
911828 827024
860121 884949
901516 520523
871136 710090
543387 951410
620563 769827
525132 838523
535324 718655
668700 854422
805607 757984
972147 517111
520704 695435
826810 695904
648670 929915
847762 705334
568394 684498
806789 735591
849846 842440
906713 646684
504774 526950
720625 547593
788660 879841
692243 981887
802074 530120
726345 851543
675881 710265
774005 914958
978660 541829
550411 549285
591249 926952
671161 531489
772631 550923
791857 892810
886898 719706
556838 689910
527817 971997
753679 968640
952439 574253
609846 700222
676526 571208
564485 828927
554023 922819
990879 861926
979242 580565
994184 558531
781010 972990
775784 501154
850743 957821
794822 677748
580304 659655
771345 790335
560067 856590
857543 946824
672602 778883
504943 689059
990960 747494
867840 615153
966046 740999
596591 728514
960199 717550
646202 992158
826609 855054
791687 866230
860597 877227
874776 701112
515265 632681
855690 682585
586308 985543
838286 917997
935351 937863
994993 825641
763710 648825
689465 554017
853923 783710
584297 891434
866189 889163
881539 830099
653409 902567
670910 666889
967304 902398
619351 893117
589802 520615
843009 886629
785755 740006
507516 620668
659548 905890
563694 500798
612982 789729
727178 626843
896034 818497
960560 665215
719136 626414
750877 915198
732706 528424
784771 708868
671017 909751
810342 716984
980601 524798
579215 597178
655702 850599
520885 874029
624522 639179
581782 863005
610135 754995
713186 535252
601914 738944
645486 684922
645463 896835
609267 603916
556896 883834
913415 759361
739540 845868
820857 846306
918519 763035
835847 912340
850407 712694
878635 992915
980725 617061
629583 631305
505961 702804
704409 918011
855587 826375
771227 596011
647963 995496
630151 730292
919426 552609
511783 781499
637633 733694
627706 958695
530475 660189
605127 872831
718655 996812
863107 577781
668099 923522
759552 508041
772559 787423
760184 854707
781483 742608
821505 620100
753415 779429
800807 642199
839228 817948
709648 542710
860620 828751
626062 520609
723475 970513
591372 821420
713282 637051
837782 955599
887889 602631
692516 797264
968857 530483
707725 999933
831516 960332
554973 985118
574491 609376
726410 553367
932701 808523
780557 771560
853200 572090
935286 520771
790682 893661
825512 871503
880534 672826
777860 709060
846400 870872
881213 506040
760135 553627
807874 697994
893804 781788
605889 790619
778300 899199
627914 789612
759047 956201
533345 813421
688368 620588
560357 678414
884942 580593
782817 811333
756581 699496
604579 520976
704454 589548
952758 560827
990992 577161
723532 796172
863319 867100
967702 942888
875648 771002
535235 546314
812634 977039
737352 703186
654908 590997
999776 848787
783120 839088
536276 965140
669354 974287
632236 809494
753921 573598
775676 803824
517338 951190
691428 748951
836701 753935
514634 856055
781606 811996
616462 576941
913131 962318
561238 949777
782011 867348
515339 811558
783947 719792
937974 602312
775358 943498
625388 600775
720945 952069
983986 534745
673364 505517
749699 985570
807762 837623
603145 542948
836115 796842
599866 599277
631694 745086
956832 985050
772089 860356
881407 920584
676391 890412
947065 958737
858008 915647
823509 979202
822085 769483
812883 589686
941850 867399
730577 518647
956834 606720
545301 818648
936241 503689
867295 876480
616403 873318
642733 846786
557257 938800
844728 749488
621081 825644
726132 840502
774949 906020
665805 530699
750600 592538
810353 911337
863417 845661
978540 526740
875620 987301
608707 767535
510943 628529
749860 748178
805066 957529
576757 936484
734588 785411
889068 808659
940494 832235
685065 554682
897593 594977
901954 767008
673412 836880
576372 500474
757570 755533
788702 737552
922714 597456
795367 584629
854841 887844
652140 980743
860066 882262
714142 702430
721597 824754
727958 966881
987539 828414
895810 699113
812212 887343
718970 932280
561647 959883
954113 944804
712094 640021
516604 637873
567369 854716
899319 901280
650282 875249
924444 563471
679658 915368
731240 641769
532335 810461
986656 650447
834213 632078
776558 625033
559020 826985
682211 962628
597043 672976
596001 555618
909031 747971
686175 961729
906706 630074
823299 811677
597087 897443
535375 775810
702021 964287
684719 812371
913944 882446
881526 853395
801869 884106
605505 922846
976988 755203
796080 795166
821947 870240
893262 762274
658878 952485
974660 862525
547273 552452
737906 520356
986395 912456
869882 626361
691144 957958
860118 982202
969508 786553
594002 721110
583702 871817
742831 908176
776767 727754
705801 930142
532721 757160
788193 647326
996679 875213
676865 922653
712809 932849
966384 900580
819918 703921
966526 674786
683704 802099
991277 942196
893625 603853
698714 804422
724296 598524
593744 945949
574096 794683
834693 548865
770581 527968
872383 923665
569979 582947
872581 521050
707425 572286
697024 511046
928584 526768
757818 502666
768933 849722
796421 863076
996254 786185
545976 947633
896794 715518
703080 864748
869654 789970
595374 642012
546323 935228
918462 956653
512036 809860
883913 679175
641223 728244
899819 953655
752000 986991
612970 755784
923563 925990
879192 733081
804967 865607
700245 546107
727758 998537
905873 546137
936214 710368
654417 596748
814746 589007
942876 538283
887488 864058
761110 967421
932340 545505
705016 740565
949137 768380
855333 827470
521577 987318
924950 625286
967354 560582
742618 816436
516631 672288
798159 689209
751206 968715
968946 608072
566069 884715
961588 745685
727233 948834
988639 644540
624581 717104
796357 524580
959370 649188
690696 567030
843762 508453
928659 513892
748336 644596
540619 690749
993367 864572
655142 782036
500837 685227
795557 573937
822706 834133
510582 557013
777070 572720
989944 563085
911822 897305
580724 918904
746470 718372
559638 998379
769046 750991
750886 653473
773409 844889
885441 756604
681765 796430
898507 725914
959408 532825
702046 628934
790915 536979
682090 543801
867482 813019
629497 525787
551230 940574
928153 522591
989553 695209
711001 591214
717893 971366
503388 627669
758188 982248
824480 978168
796355 657175
705686 759510
836626 960314
920583 908625
962515 987075
562581 825181
657716 515894
517104 844221
861739 840490
980724 836797
637007 862509
982135 712951
909810 889834
715094 619917
640785 920467
500097 624146
702220 545801
553748 665774
529716 832206
899750 518510
687448 830522
688847 854755
774229 824087
730315 669255
880080 943850
928911 608629
839204 936943
582341 772515
898743 883101
603233 815907
810374 578762
963215 991407
948765 607677
997340 580574
509426 718074
722431 943150
848652 789742
948190 897181
732947 641184
811309 699535
734388 535805
759345 712120
766606 508277
815409 569854
608770 975652
975135 923048
813616 734995
988654 639443
540951 618781
598113 662868
864682 946292
508034 774834
650518 892301
661882 727501
873683 908086
714146 789035
876820 738093
654961 883560
589777 553420
926699 939656
748047 735359
811828 995297
774341 875343
653981 973700
508350 686041
708693 761977
851336 677484
918979 664974
568356 663612
577379 656488
763450 627502
867818 773412
632814 601078
663673 806498
585023 544316
781946 987452
630054 727010
946953 998476
761647 634419
546333 590908
730677 984794
622470 722130
939265 594101
538050 715518
815040 950296
579151 689665
665269 538889
835983 905474
821773 610497
843845 650037
770137 761551
716788 980136
522444 609430
872186 717602
942879 858320
695015 560509
892380 745751
627685 690039
925821 583280
699220 925783
949626 724810
792830 556143
684288 798701
639167 716803
684888 549632
674712 704558
993618 643989
830019 939242
785628 970087
598812 792863
903526 937281
570885 661473
728040 912304
835406 813440
889850 623460
958082 846595
566890 794365
573149 624834
517108 610528
837926 637353
570522 968248
520259 900181
641063 962074
843603 554869
616683 890345
603453 892185
918067 759317
951730 545853
729272 561322
699226 600450
645986 829464
708227 971926
574623 627010
537455 704465
501419 762531
947056 590362
504856 814880
514770 921025
597004 569520
821710 974953
637214 873146
904474 549111
664923 686587
926193 634769
606019 607771
635801 777275
549917 837568
706876 845724
890076 915205
989997 564735
719087 827323
788882 713474
959781 511781
958582 886413
594124 770073
515369 949060
624255 891845
668991 552330
993810 748432
885482 757082
843643 938889
519667 898821
731246 594850
588839 972493
923798 722830
879758 672678
724868 603810
816507 519825
977841 866837
867264 995939
828319 559772
845692 881850
802168 716361
718646 694055
997868 762913
954134 595212
929464 513855
548047 805408
935091 683134
879134 987770
600431 663214
969018 818765
880839 565812
647636 576328
510766 648420
536054 863895
616802 927546
544487 779835
700912 604836
590760 793755
596002 910528
796705 684402
558603 883526
643655 615521
977841 539650
571651 667705
869372 565978
667379 952273
573163 940795
732083 975272
601077 749634
546761 636056
904823 513908
663418 664530
970304 906896
806825 557573
805474 969140
817203 616786
717702 945844
539870 579936
874320 674979
793055 551351
501772 689442
789832 594007
578384 941530
617994 898152
507232 698462
511275 687216
691360 742884
669829 662039
680572 988600
980980 515981
595406 731945
563722 655109
989775 920782
791006 579023
871172 639037
557997 511360
998622 540700
750473 782549
817991 503984
902394 779281
806138 988155
651635 899651
867168 920469
929970 541060
503302 767587
521267 644854
620525 803698
870160 776575
891700 663471
574436 708214
653113 924032
815158 929519
918154 810922
626050 783999
527670 593211
979535 773122
883935 768981
957453 682640
661936 586029
515847 840274
508499 976346
811272 917580
626447 883250
780851 526850
740209 766520
586415 906100
844456 704145
761634 723711
693368 867505
559651 668125
992041 793933
646123 676150
554924 573675
501796 598594
713104 795783
904347 992429
890321 863511
762622 518154
695368 863791
535482 588790
773479 682037
709837 632975
919395 665328
871090 778131
844986 736691
894884 738478
555632 788517
579556 859807
571290 814665
932458 834373
999128 575715
587044 535297
636762 761553
740894 938081
686629 920866
968850 820558
990291 852400
935979 676059
849764 795706
580782 899608
688094 668878
802456 728923
745691 953583
678967 977920
710170 865636
953997 741329
885934 982174
533509 928331
519572 527467
758418 651661
712285 863881
947571 529275
504916 545655
904891 965820
661558 705943
618189 779674
538032 606764
923784 969570
993128 943973
594173 521102
725655 929027
863792 828981
927773 733864
676269 723290
904247 735327
725576 804916
939894 924568
900634 556452
800199 680812
699760 645380
793716 683837
994571 760852
560915 544675
844347 813188
825952 709207
729470 772914
678668 681244
682841 846433
819703 580439
869140 923181
968763 797503
550535 833164
794381 879670
638242 656579
977497 653814
561898 877420
909316 770414
783235 555910
775484 676849
967176 949895
952449 519742
898894 538863
939693 560008
610201 932686
578055 874265
998519 832521
820105 572195
607502 503700
586229 740399
624113 970624
719726 837435
765267 518517
718019 701526
811194 634534
804622 768708
524008 579789
933148 844185
905131 673212
721620 852907
920495 970697
732152 512160
795480 608279
687081 620486
667781 753754
843242 665155
702304 536473
706401 802308
902099 868336
572426 994439
892645 520215
635460 588183
875618 927198
955106 664517
505295 677181
914865 837448
660095 583004
670024 695760
915201 811661
924906 505869
829174 758032
623738 639551
885935 911186
718037 769514
857890 965413
853110 880000
577278 641646
851953 978506
717486 646606
967541 659857
703216 591389
670936 695012
622265 984807
530587 620932
863507 801340
635913 665758
967040 654747
660787 605033
952161 636641
995997 891848
763180 776112
501323 646418
623149 877289
754671 636298
736422 696606
613816 833094
927139 636329
768363 577744
905560 582010
934905 798376
832033 750864
895982 803029
870080 827601
906751 696623
597586 576234
913954 607393
800929 814751
695128 995754
764830 827675
707844 811749
